    1   18    2
 14.001
    1    1  1.0000  0.0000  0.0000
-32.234583523258   0.001450853145   0.001001661572
  3.788097598949   0.930681411662   1.096779334258
  3.788197100768  -0.930685966520  -1.096740288301
 -0.103889445260  -1.316915480900   0.379343878904
 -0.103664190664   1.316997491334  -0.379906340010
  0.161047018412  -0.000150211223   0.000079924402
 -0.104244952778  -3.177759813630   1.475532607852
  0.160347727239  -0.000446532071  -0.000318032962
 -0.104206239690   3.177635012728  -1.475437556506
  7.316726304070   0.150991783936  -3.961284392765
  7.316795384343  -0.150922064946   3.961176104531
  1.279133966870  -0.000129284242   0.000271108736
  0.654888577100  -0.359448343595  -0.293577689797
 -0.242377536244  -0.000345294774  -0.000097975719
  0.655292520463   0.359086723183   0.293565293508
  7.579141919052   0.000058110660  -0.000174499509
  0.096609666693  -0.196373051819   0.225609194923
  0.096688103934   0.196274657073  -0.225822333118
    1    2  0.0000  0.0000  1.0000
  0.000000000000   0.000000000000 -21.425468238756
 -1.097328006243  -1.072830730424  -1.390898036361
  1.097328006243  -1.072830730424  -1.390898036361
  1.477762669629  -0.413898564478  -1.390898036361
 -1.477762669629  -0.413898564478  -1.390898036361
  0.000000000000   0.000000000000  -0.037200935498
  0.380434663386   1.486729294902  -1.390898036361
  0.000000000000   0.000000000000  -0.034600799528
 -0.380434663386   1.486729294902  -1.390898036361
 -3.961471098084   2.287156404866   9.077668315680
  3.961471098084   2.287156404866   9.077668315680
  0.000000000000   0.346663139204   0.772666424113
 -0.300219085106  -0.173331569602   0.772666424113
  0.000000000000   0.266042724247   0.097217990856
  0.300219085106  -0.173331569602   0.772666424113
 -0.000000000000  -4.574312809731   9.077668315680
  0.230399757690  -0.133021362123   0.097217990856
 -0.230399757690  -0.133021362123   0.097217990856
