# End points of segments: 
#   0.00000000 0.18483130 0.36966260 0.55449390 
0.000000 -0.000959
0.001867 0.169601
0.003734 0.339190
0.005601 0.508749
0.007468 0.678265
0.009335 0.847730
0.011202 1.017140
0.013069 1.186493
0.014936 1.355797
0.016803 1.525064
0.018670 1.694314
0.020537 1.863578
0.022404 2.032891
0.024271 2.202302
0.026138 2.371868
0.028005 2.541653
0.029872 2.711737
0.031739 2.882204
0.033606 3.053152
0.035473 3.224687
0.037340 3.396923
0.039207 3.569985
0.041074 3.744004
0.042941 3.919117
0.044808 4.095469
0.046675 4.273208
0.048542 4.452485
0.050409 4.633455
0.052276 4.816270
0.054143 5.001084
0.056009 5.188047
0.057876 5.377303
0.059743 5.568993
0.061610 5.763248
0.063477 5.960190
0.065344 6.159929
0.067211 6.362565
0.069078 6.568180
0.070945 6.776844
0.072812 6.988608
0.074679 7.203505
0.076546 7.421550
0.078413 7.642738
0.080280 7.867043
0.082147 8.094416
0.084014 8.324790
0.085881 8.558072
0.087748 8.794150
0.089615 9.032888
0.091482 9.274131
0.093349 9.517700
0.095216 9.763396
0.097083 10.011001
0.098950 10.260278
0.100817 10.510974
0.102684 10.762816
0.104551 11.015520
0.106418 11.268787
0.108285 11.522309
0.110152 11.775766
0.112019 12.028834
0.113886 12.281183
0.115753 12.532482
0.117620 12.782399
0.119487 13.030606
0.121354 13.276780
0.123221 13.520605
0.125088 13.761776
0.126955 14.000000
0.128822 14.234999
0.130689 14.466511
0.132556 14.694291
0.134423 14.918115
0.136290 15.137776
0.138157 15.353092
0.140024 15.563900
0.141891 15.770058
0.143758 15.971447
0.145625 16.167968
0.147492 16.359541
0.149359 16.546107
0.151226 16.727622
0.153093 16.904062
0.154960 17.075414
0.156827 17.241680
0.158693 17.402873
0.160560 17.559018
0.162428 17.710144
0.164295 17.856288
0.166161 17.997492
0.168028 18.133800
0.169895 18.265256
0.171762 18.391904
0.173629 18.513786
0.175496 18.630940
0.177363 18.743398
0.179230 18.851184
0.181097 18.954315
0.182964 19.052799
0.184831 19.146630

0.184831 19.146630
0.186698 19.058087
0.188565 18.975319
0.190432 18.898097
0.192299 18.826170
0.194166 18.759261
0.196033 18.697080
0.197900 18.639321
0.199767 18.585670
0.201634 18.535806
0.203501 18.489403
0.205368 18.446141
0.207235 18.405699
0.209102 18.367769
0.210969 18.332048
0.212836 18.298249
0.214703 18.266102
0.216570 18.235352
0.218437 18.205764
0.220304 18.177126
0.222171 18.149248
0.224038 18.121963
0.225905 18.095128
0.227772 18.068626
0.229639 18.042364
0.231506 18.016274
0.233373 17.990312
0.235240 17.964457
0.237107 17.938712
0.238974 17.913100
0.240841 17.887665
0.242708 17.862467
0.244575 17.837586
0.246442 17.813113
0.248309 17.789154
0.250176 17.765824
0.252043 17.743246
0.253910 17.721550
0.255777 17.700867
0.257644 17.681331
0.259511 17.610032
0.261378 17.486133
0.263245 17.371962
0.265112 17.268877
0.266979 17.178108
0.268846 17.100740
0.270713 17.037700
0.272579 16.989744
0.274446 16.957449
0.276313 16.941204
0.278180 16.941204
0.280047 16.957449
0.281914 16.989744
0.283781 17.037700
0.285648 17.100740
0.287515 17.178108
0.289382 17.268877
0.291249 17.371962
0.293116 17.486133
0.294983 17.610032
0.296850 17.681331
0.298717 17.700867
0.300584 17.721550
0.302451 17.743246
0.304318 17.765824
0.306185 17.789154
0.308052 17.813113
0.309919 17.837586
0.311786 17.862467
0.313653 17.887665
0.315520 17.913100
0.317387 17.938712
0.319254 17.964457
0.321121 17.990312
0.322988 18.016274
0.324855 18.042364
0.326722 18.068626
0.328589 18.095128
0.330456 18.121963
0.332323 18.149248
0.334190 18.177126
0.336057 18.205764
0.337924 18.235352
0.339791 18.266102
0.341658 18.298249
0.343525 18.332048
0.345392 18.367769
0.347259 18.405699
0.349126 18.446141
0.350993 18.489403
0.352860 18.535806
0.354727 18.585670
0.356594 18.639321
0.358461 18.697080
0.360328 18.759261
0.362195 18.826170
0.364062 18.898097
0.365929 18.975319
0.367796 19.058087
0.369663 19.146630

0.369663 19.146630
0.371530 19.052799
0.373397 18.954315
0.375264 18.851184
0.377130 18.743398
0.378997 18.630940
0.380864 18.513786
0.382732 18.391904
0.384599 18.265256
0.386466 18.133800
0.388332 17.997492
0.390199 17.856288
0.392066 17.710144
0.393933 17.559018
0.395800 17.402873
0.397667 17.241680
0.399534 17.075414
0.401401 16.904062
0.403268 16.727622
0.405135 16.546107
0.407002 16.359541
0.408869 16.167968
0.410736 15.971447
0.412603 15.770058
0.414470 15.563900
0.416337 15.353092
0.418204 15.137776
0.420071 14.918115
0.421938 14.694291
0.423805 14.466511
0.425672 14.234999
0.427539 14.000000
0.429406 13.761776
0.431273 13.520605
0.433140 13.276780
0.435007 13.030606
0.436874 12.782399
0.438741 12.532482
0.440608 12.281183
0.442475 12.028834
0.444342 11.775766
0.446209 11.522309
0.448076 11.268787
0.449943 11.015520
0.451810 10.762816
0.453677 10.510974
0.455544 10.260278
0.457411 10.011001
0.459278 9.763396
0.461145 9.517700
0.463012 9.274131
0.464879 9.032888
0.466746 8.794150
0.468613 8.558072
0.470480 8.324790
0.472347 8.094416
0.474214 7.867043
0.476081 7.642738
0.477948 7.421550
0.479815 7.203505
0.481682 6.988608
0.483549 6.776844
0.485416 6.568180
0.487283 6.362565
0.489150 6.159929
0.491017 5.960190
0.492883 5.763248
0.494750 5.568993
0.496617 5.377303
0.498484 5.188047
0.500351 5.001084
0.502218 4.816270
0.504085 4.633455
0.505952 4.452485
0.507819 4.273208
0.509686 4.095469
0.511553 3.919117
0.513420 3.744004
0.515287 3.569985
0.517154 3.396923
0.519021 3.224687
0.520888 3.053152
0.522755 2.882204
0.524622 2.711737
0.526489 2.541653
0.528356 2.371868
0.530223 2.202302
0.532090 2.032891
0.533957 1.863578
0.535824 1.694314
0.537691 1.525064
0.539558 1.355797
0.541425 1.186493
0.543292 1.017140
0.545159 0.847730
0.547026 0.678265
0.548893 0.508749
0.550760 0.339190
0.552627 0.169601
0.554494 -0.000959


0.000000 0.001493
0.001867 0.436641
0.003734 0.873109
0.005601 1.309243
0.007468 1.744875
0.009335 2.179839
0.011202 2.613970
0.013069 3.047106
0.014936 3.479088
0.016803 3.909757
0.018670 4.338960
0.020537 4.766545
0.022404 5.192366
0.024271 5.616278
0.026138 6.038144
0.028005 6.457828
0.029872 6.875201
0.031739 7.290140
0.033606 7.702526
0.035473 8.112247
0.037340 8.519196
0.039207 8.923273
0.041074 9.324385
0.042941 9.722445
0.044808 10.117375
0.046675 10.509102
0.048542 10.897561
0.050409 11.282696
0.052276 11.664458
0.054143 12.042806
0.056009 12.417708
0.057876 12.789139
0.059743 13.157084
0.061610 13.521535
0.063477 13.882493
0.065344 14.239970
0.067211 14.593983
0.069078 14.944562
0.070945 15.291741
0.072812 15.635568
0.074679 15.976095
0.076546 16.313385
0.078413 16.647510
0.080280 16.978547
0.082147 17.306584
0.084014 17.631715
0.085881 17.954042
0.087748 18.273671
0.089615 18.590716
0.091482 18.905297
0.093349 19.217534
0.095216 19.527555
0.097083 19.835487
0.098950 20.141458
0.100817 20.445596
0.102684 20.748025
0.104551 21.048868
0.106418 21.348237
0.108285 21.646239
0.110152 21.942969
0.112019 22.238509
0.113886 22.532925
0.115753 22.826264
0.117620 23.118552
0.119487 23.409789
0.121354 23.699951
0.123221 23.988981
0.125088 24.276790
0.126955 24.148031
0.128822 23.989252
0.130689 23.823226
0.132556 23.650849
0.134423 23.473011
0.136290 23.290594
0.138157 23.104463
0.140024 22.915470
0.141891 22.724442
0.143758 22.532183
0.145625 22.339469
0.147492 22.147046
0.149359 21.955625
0.151226 21.765883
0.153093 21.578457
0.154960 21.393942
0.156827 21.212894
0.158693 21.035822
0.160560 20.863190
0.162428 20.695416
0.164295 20.532867
0.166161 20.375864
0.168028 20.224678
0.169895 20.079530
0.171762 19.940594
0.173629 19.807994
0.175496 19.681807
0.177363 19.562063
0.179230 19.448750
0.181097 19.341810
0.182964 19.241148
0.184831 19.146630

0.184831 19.146630
0.186698 19.235791
0.188565 19.320249
0.190432 19.399957
0.192299 19.474850
0.194166 19.544843
0.196033 19.609833
0.197900 19.669692
0.199767 19.724270
0.201634 19.773392
0.203501 19.816856
0.205368 19.854432
0.207235 19.885863
0.209102 19.910860
0.210969 19.929110
0.212836 19.940269
0.214703 19.943971
0.216570 19.939829
0.218437 19.927444
0.220304 19.906411
0.222171 19.876335
0.224038 19.836843
0.225905 19.787605
0.227772 19.728352
0.229639 19.658906
0.231506 19.579200
0.233373 19.489306
0.235240 19.389458
0.237107 19.280066
0.238974 19.161736
0.240841 19.035266
0.242708 18.901647
0.244575 18.762050
0.246442 18.617804
0.248309 18.470372
0.250176 18.321323
0.252043 18.172296
0.253910 18.024973
0.255777 17.881046
0.257644 17.742189
0.259511 17.663073
0.261378 17.646220
0.263245 17.630896
0.265112 17.617215
0.266979 17.605280
0.268846 17.595185
0.270713 17.587010
0.272579 17.580819
0.274446 17.576664
0.276313 17.574578
0.278180 17.574578
0.280047 17.576664
0.281914 17.580819
0.283781 17.587010
0.285648 17.595185
0.287515 17.605280
0.289382 17.617215
0.291249 17.630896
0.293116 17.646220
0.294983 17.663073
0.296850 17.742189
0.298717 17.881046
0.300584 18.024973
0.302451 18.172296
0.304318 18.321323
0.306185 18.470372
0.308052 18.617804
0.309919 18.762050
0.311786 18.901647
0.313653 19.035266
0.315520 19.161736
0.317387 19.280066
0.319254 19.389458
0.321121 19.489306
0.322988 19.579200
0.324855 19.658906
0.326722 19.728352
0.328589 19.787605
0.330456 19.836843
0.332323 19.876335
0.334190 19.906411
0.336057 19.927444
0.337924 19.939829
0.339791 19.943971
0.341658 19.940269
0.343525 19.929110
0.345392 19.910860
0.347259 19.885863
0.349126 19.854432
0.350993 19.816856
0.352860 19.773392
0.354727 19.724270
0.356594 19.669692
0.358461 19.609833
0.360328 19.544843
0.362195 19.474850
0.364062 19.399957
0.365929 19.320249
0.367796 19.235791
0.369663 19.146630

0.369663 19.146630
0.371530 19.241148
0.373397 19.341810
0.375264 19.448750
0.377130 19.562063
0.378997 19.681807
0.380864 19.807994
0.382732 19.940594
0.384599 20.079530
0.386466 20.224678
0.388332 20.375864
0.390199 20.532867
0.392066 20.695416
0.393933 20.863190
0.395800 21.035822
0.397667 21.212894
0.399534 21.393942
0.401401 21.578457
0.403268 21.765883
0.405135 21.955625
0.407002 22.147046
0.408869 22.339469
0.410736 22.532183
0.412603 22.724442
0.414470 22.915470
0.416337 23.104463
0.418204 23.290594
0.420071 23.473011
0.421938 23.650849
0.423805 23.823226
0.425672 23.989252
0.427539 24.148031
0.429406 24.276790
0.431273 23.988981
0.433140 23.699951
0.435007 23.409789
0.436874 23.118552
0.438741 22.826264
0.440608 22.532925
0.442475 22.238509
0.444342 21.942969
0.446209 21.646239
0.448076 21.348237
0.449943 21.048867
0.451810 20.748025
0.453677 20.445596
0.455544 20.141458
0.457411 19.835487
0.459278 19.527555
0.461145 19.217534
0.463012 18.905297
0.464879 18.590716
0.466746 18.273671
0.468613 17.954042
0.470480 17.631715
0.472347 17.306584
0.474214 16.978547
0.476081 16.647510
0.477948 16.313385
0.479815 15.976095
0.481682 15.635568
0.483549 15.291741
0.485416 14.944562
0.487283 14.593983
0.489150 14.239970
0.491017 13.882493
0.492883 13.521535
0.494750 13.157084
0.496617 12.789139
0.498484 12.417708
0.500351 12.042806
0.502218 11.664458
0.504085 11.282696
0.505952 10.897561
0.507819 10.509102
0.509686 10.117375
0.511553 9.722445
0.513420 9.324385
0.515287 8.923273
0.517154 8.519196
0.519021 8.112247
0.520888 7.702526
0.522755 7.290140
0.524622 6.875201
0.526489 6.457828
0.528356 6.038144
0.530223 5.616278
0.532090 5.192366
0.533957 4.766545
0.535824 4.338960
0.537691 3.909757
0.539558 3.479088
0.541425 3.047106
0.543292 2.613970
0.545159 2.179839
0.547026 1.744875
0.548893 1.309243
0.550760 0.873109
0.552627 0.436641
0.554494 0.001493


0.000000 0.001551
0.001867 0.701767
0.003734 1.403023
0.005601 2.103263
0.007468 2.801977
0.009335 3.498658
0.011202 4.192796
0.013069 4.883886
0.014936 5.571419
0.016803 6.254890
0.018670 6.933791
0.020537 7.607618
0.022404 8.275867
0.024271 8.938032
0.026138 9.593611
0.028005 10.242102
0.029872 10.883004
0.031739 11.515818
0.033606 12.140043
0.035473 12.755184
0.037340 13.360745
0.039207 13.956231
0.041074 14.541152
0.042941 15.115016
0.044808 15.677339
0.046675 16.227635
0.048542 16.765423
0.050409 17.290229
0.052276 17.801578
0.054143 18.299006
0.056009 18.782052
0.057876 19.250263
0.059743 19.703194
0.061610 20.140410
0.063477 20.561488
0.065344 20.966017
0.067211 21.353600
0.069078 21.723859
0.070945 22.076432
0.072812 22.410981
0.074679 22.727191
0.076546 23.024773
0.078413 23.303471
0.080280 23.563058
0.082147 23.803346
0.084014 24.024185
0.085881 24.225466
0.087748 24.407129
0.089615 24.569160
0.091482 24.711595
0.093349 24.834525
0.095216 24.938097
0.097083 25.022513
0.098950 25.088034
0.100817 25.134979
0.102684 25.163727
0.104551 25.174711
0.106418 25.168425
0.108285 25.145413
0.110152 25.106274
0.112019 25.051655
0.113886 24.982247
0.115753 24.898784
0.117620 24.802038
0.119487 24.692810
0.121354 24.571933
0.123221 24.440261
0.125088 24.298665
0.126955 24.563255
0.128822 24.848213
0.130689 25.131464
0.132556 25.412764
0.134423 25.691828
0.136290 25.968325
0.138157 26.241882
0.140024 26.512079
0.141891 26.778456
0.143758 27.040506
0.145625 27.297685
0.147492 27.549408
0.149359 27.795058
0.151226 28.033983
0.153093 28.265506
0.154960 28.488929
0.156827 28.703535
0.158693 28.908600
0.160560 29.103395
0.162428 29.287198
0.164295 29.459297
0.166161 29.619001
0.168028 29.765650
0.169895 29.898619
0.171762 30.017331
0.173629 30.121262
0.175496 30.209951
0.177363 30.283006
0.179230 30.340110
0.181097 30.381029
0.182964 30.405614
0.184831 30.413807

0.184831 30.413807
0.186698 30.405641
0.188565 30.381245
0.190432 30.340840
0.192299 30.284744
0.194166 30.213366
0.196033 30.127207
0.197900 30.026855
0.199767 29.912986
0.201634 29.786357
0.203501 29.647804
0.205368 29.498239
0.207235 29.338648
0.209102 29.170082
0.210969 28.993658
0.212836 28.810552
0.214703 28.621994
0.216570 28.429260
0.218437 28.233664
0.220304 28.036547
0.222171 27.839266
0.224038 27.643175
0.225905 27.449605
0.227772 27.259848
0.229639 27.075124
0.231506 26.896565
0.233373 26.725182
0.235240 26.561846
0.237107 26.407271
0.238974 26.261996
0.240841 26.126386
0.242708 26.000629
0.244575 25.884750
0.246442 25.778629
0.248309 25.682018
0.250176 25.594572
0.252043 25.515868
0.253910 25.445436
0.255777 25.382778
0.257644 25.327391
0.259511 25.278778
0.261378 25.236466
0.263245 25.200014
0.265112 25.169020
0.266979 25.143128
0.268846 25.122027
0.270713 25.105460
0.272579 25.093216
0.274446 25.085140
0.276313 25.081129
0.278180 25.081129
0.280047 25.085140
0.281914 25.093216
0.283781 25.105460
0.285648 25.122027
0.287515 25.143128
0.289382 25.169020
0.291249 25.200014
0.293116 25.236466
0.294983 25.278778
0.296850 25.327391
0.298717 25.382778
0.300584 25.445436
0.302451 25.515868
0.304318 25.594572
0.306185 25.682018
0.308052 25.778629
0.309919 25.884750
0.311786 26.000629
0.313653 26.126386
0.315520 26.261996
0.317387 26.407271
0.319254 26.561846
0.321121 26.725182
0.322988 26.896565
0.324855 27.075124
0.326722 27.259848
0.328589 27.449605
0.330456 27.643175
0.332323 27.839266
0.334190 28.036547
0.336057 28.233664
0.337924 28.429260
0.339791 28.621994
0.341658 28.810552
0.343525 28.993658
0.345392 29.170082
0.347259 29.338648
0.349126 29.498239
0.350993 29.647804
0.352860 29.786357
0.354727 29.912986
0.356594 30.026855
0.358461 30.127207
0.360328 30.213366
0.362195 30.284744
0.364062 30.340840
0.365929 30.381245
0.367796 30.405641
0.369663 30.413807

0.369663 30.413807
0.371530 30.405614
0.373397 30.381029
0.375264 30.340110
0.377130 30.283006
0.378997 30.209951
0.380864 30.121262
0.382732 30.017331
0.384599 29.898619
0.386466 29.765650
0.388332 29.619001
0.390199 29.459297
0.392066 29.287198
0.393933 29.103395
0.395800 28.908600
0.397667 28.703535
0.399534 28.488929
0.401401 28.265506
0.403268 28.033983
0.405135 27.795058
0.407002 27.549408
0.408869 27.297685
0.410736 27.040506
0.412603 26.778456
0.414470 26.512079
0.416337 26.241882
0.418204 25.968325
0.420071 25.691828
0.421938 25.412764
0.423805 25.131464
0.425672 24.848213
0.427539 24.563255
0.429406 24.298665
0.431273 24.440261
0.433140 24.571933
0.435007 24.692810
0.436874 24.802038
0.438741 24.898784
0.440608 24.982247
0.442475 25.051655
0.444342 25.106274
0.446209 25.145413
0.448076 25.168425
0.449943 25.174711
0.451810 25.163727
0.453677 25.134979
0.455544 25.088034
0.457411 25.022513
0.459278 24.938097
0.461145 24.834525
0.463012 24.711595
0.464879 24.569160
0.466746 24.407129
0.468613 24.225467
0.470480 24.024185
0.472347 23.803346
0.474214 23.563058
0.476081 23.303471
0.477948 23.024773
0.479815 22.727191
0.481682 22.410981
0.483549 22.076432
0.485416 21.723859
0.487283 21.353600
0.489150 20.966017
0.491017 20.561488
0.492883 20.140410
0.494750 19.703194
0.496617 19.250263
0.498484 18.782052
0.500351 18.299006
0.502218 17.801578
0.504085 17.290229
0.505952 16.765423
0.507819 16.227635
0.509686 15.677339
0.511553 15.115016
0.513420 14.541152
0.515287 13.956231
0.517154 13.360745
0.519021 12.755184
0.520888 12.140043
0.522755 11.515818
0.524622 10.883004
0.526489 10.242102
0.528356 9.593611
0.530223 8.938032
0.532090 8.275867
0.533957 7.607618
0.535824 6.933791
0.537691 6.254890
0.539558 5.571419
0.541425 4.883886
0.543292 4.192796
0.545159 3.498658
0.547026 2.801977
0.548893 2.103263
0.550760 1.403023
0.552627 0.701767
0.554494 0.001551


0.000000 61.054617
0.001867 61.052595
0.003734 61.046531
0.005601 61.036429
0.007468 61.022293
0.009335 61.004132
0.011202 60.981955
0.013069 60.955775
0.014936 60.925608
0.016803 60.891471
0.018670 60.853385
0.020537 60.811374
0.022404 60.765466
0.024271 60.715692
0.026138 60.662087
0.028005 60.604689
0.029872 60.543544
0.031739 60.478701
0.033606 60.410213
0.035473 60.338141
0.037340 60.262553
0.039207 60.183523
0.041074 60.101133
0.042941 60.015471
0.044808 59.926638
0.046675 59.834741
0.048542 59.739898
0.050409 59.642237
0.052276 59.541900
0.054143 59.439037
0.056009 59.333813
0.057876 59.226403
0.059743 59.116997
0.061610 59.005798
0.063477 58.893022
0.065344 58.778898
0.067211 58.663666
0.069078 58.547580
0.070945 58.430906
0.072812 58.313918
0.074679 58.196901
0.076546 58.080145
0.078413 57.963947
0.080280 57.848606
0.082147 57.734423
0.084014 57.621697
0.085881 57.510719
0.087748 57.401776
0.089615 57.295143
0.091482 57.191079
0.093349 57.089829
0.095216 56.991618
0.097083 56.896647
0.098950 56.805094
0.100817 56.717111
0.102684 56.632822
0.104551 56.552324
0.106418 56.475683
0.108285 56.402937
0.110152 56.334097
0.112019 56.269145
0.113886 56.208039
0.115753 56.150713
0.117620 56.097078
0.119487 56.047026
0.121354 56.000435
0.123221 55.957167
0.125088 55.917072
0.126955 55.879992
0.128822 55.845765
0.130689 55.814224
0.132556 55.785200
0.134423 55.758528
0.136290 55.734041
0.138157 55.711582
0.140024 55.690996
0.141891 55.672137
0.143758 55.654865
0.145625 55.639052
0.147492 55.624575
0.149359 55.611325
0.151226 55.599199
0.153093 55.588105
0.154960 55.577960
0.156827 55.568692
0.158693 55.560234
0.160560 55.552532
0.162428 55.545535
0.164295 55.539204
0.166161 55.533503
0.168028 55.528403
0.169895 55.523883
0.171762 55.519923
0.173629 55.516510
0.175496 55.513633
0.177363 55.511285
0.179230 55.509461
0.181097 55.508159
0.182964 55.507378
0.184831 55.507117

0.184831 55.507117
0.186698 55.507378
0.188565 55.508161
0.190432 55.509468
0.192299 55.511299
0.194166 55.513654
0.196033 55.516533
0.197900 55.519933
0.199767 55.523852
0.201634 55.528284
0.203501 55.533225
0.205368 55.538665
0.207235 55.544596
0.209102 55.551005
0.210969 55.557880
0.212836 55.565205
0.214703 55.572963
0.216570 55.581133
0.218437 55.589695
0.220304 55.598624
0.222171 55.607894
0.224038 55.617477
0.225905 55.627343
0.227772 55.637459
0.229639 55.647791
0.231506 55.658302
0.233373 55.668953
0.235240 55.679703
0.237107 55.690510
0.238974 55.701328
0.240841 55.712111
0.242708 55.722812
0.244575 55.733379
0.246442 55.743764
0.248309 55.753912
0.250176 55.763773
0.252043 55.773291
0.253910 55.782415
0.255777 55.791090
0.257644 55.799266
0.259511 55.806889
0.261378 55.813912
0.263245 55.820287
0.265112 55.825971
0.266979 55.830923
0.268846 55.835108
0.270713 55.838494
0.272579 55.841057
0.274446 55.842777
0.276313 55.843640
0.278180 55.843640
0.280047 55.842777
0.281914 55.841057
0.283781 55.838494
0.285648 55.835108
0.287515 55.830923
0.289382 55.825971
0.291249 55.820287
0.293116 55.813912
0.294983 55.806889
0.296850 55.799266
0.298717 55.791090
0.300584 55.782415
0.302451 55.773291
0.304318 55.763773
0.306185 55.753912
0.308052 55.743764
0.309919 55.733379
0.311786 55.722812
0.313653 55.712111
0.315520 55.701328
0.317387 55.690510
0.319254 55.679703
0.321121 55.668953
0.322988 55.658302
0.324855 55.647791
0.326722 55.637459
0.328589 55.627343
0.330456 55.617477
0.332323 55.607894
0.334190 55.598624
0.336057 55.589695
0.337924 55.581133
0.339791 55.572963
0.341658 55.565205
0.343525 55.557880
0.345392 55.551005
0.347259 55.544596
0.349126 55.538665
0.350993 55.533225
0.352860 55.528284
0.354727 55.523852
0.356594 55.519933
0.358461 55.516533
0.360328 55.513654
0.362195 55.511299
0.364062 55.509468
0.365929 55.508161
0.367796 55.507378
0.369663 55.507117

0.369663 55.507117
0.371530 55.507378
0.373397 55.508159
0.375264 55.509461
0.377130 55.511284
0.378997 55.513633
0.380864 55.516510
0.382732 55.519923
0.384599 55.523883
0.386466 55.528403
0.388332 55.533503
0.390199 55.539204
0.392066 55.545535
0.393933 55.552532
0.395800 55.560234
0.397667 55.568692
0.399534 55.577960
0.401401 55.588105
0.403268 55.599199
0.405135 55.611325
0.407002 55.624575
0.408869 55.639052
0.410736 55.654865
0.412603 55.672137
0.414470 55.690996
0.416337 55.711582
0.418204 55.734041
0.420071 55.758528
0.421938 55.785200
0.423805 55.814224
0.425672 55.845765
0.427539 55.879992
0.429406 55.917072
0.431273 55.957167
0.433140 56.000435
0.435007 56.047026
0.436874 56.097078
0.438741 56.150713
0.440608 56.208039
0.442475 56.269145
0.444342 56.334097
0.446209 56.402937
0.448076 56.475683
0.449943 56.552324
0.451810 56.632822
0.453677 56.717111
0.455544 56.805094
0.457411 56.896647
0.459278 56.991618
0.461145 57.089829
0.463012 57.191079
0.464879 57.295143
0.466746 57.401776
0.468613 57.510719
0.470480 57.621697
0.472347 57.734423
0.474214 57.848606
0.476081 57.963947
0.477948 58.080145
0.479815 58.196901
0.481682 58.313918
0.483549 58.430906
0.485416 58.547580
0.487283 58.663666
0.489150 58.778898
0.491017 58.893022
0.492883 59.005798
0.494750 59.116997
0.496617 59.226403
0.498484 59.333812
0.500351 59.439037
0.502218 59.541900
0.504085 59.642237
0.505952 59.739898
0.507819 59.834741
0.509686 59.926638
0.511553 60.015471
0.513420 60.101133
0.515287 60.183523
0.517154 60.262553
0.519021 60.338141
0.520888 60.410213
0.522755 60.478701
0.524622 60.543544
0.526489 60.604689
0.528356 60.662087
0.530223 60.715692
0.532090 60.765466
0.533957 60.811374
0.535824 60.853385
0.537691 60.891471
0.539558 60.925608
0.541425 60.955775
0.543292 60.981955
0.545159 61.004132
0.547026 61.022293
0.548893 61.036429
0.550760 61.046531
0.552627 61.052595
0.554494 61.054617


0.000000 61.054617
0.001867 61.054858
0.003734 61.055582
0.005601 61.056785
0.007468 61.058460
0.009335 61.060599
0.011202 61.063191
0.013069 61.066222
0.014936 61.069677
0.016803 61.073536
0.018670 61.077779
0.020537 61.082380
0.022404 61.087313
0.024271 61.092548
0.026138 61.098052
0.028005 61.103790
0.029872 61.109721
0.031739 61.115805
0.033606 61.121996
0.035473 61.128246
0.037340 61.134503
0.039207 61.140714
0.041074 61.146820
0.042941 61.152762
0.044808 61.158475
0.046675 61.163893
0.048542 61.168947
0.050409 61.173566
0.052276 61.177675
0.054143 61.181198
0.056009 61.184058
0.057876 61.186173
0.059743 61.187464
0.061610 61.187846
0.063477 61.187238
0.065344 61.185555
0.067211 61.182713
0.069078 61.178629
0.070945 61.173220
0.072812 61.166404
0.074679 61.158102
0.076546 61.148235
0.078413 61.136729
0.080280 61.123511
0.082147 61.108513
0.084014 61.091671
0.085881 61.072926
0.087748 61.052224
0.089615 61.029518
0.091482 61.004765
0.093349 60.977934
0.095216 60.948996
0.097083 60.917937
0.098950 60.884746
0.100817 60.849428
0.102684 60.811993
0.104551 60.772467
0.106418 60.730887
0.108285 60.687300
0.110152 60.641771
0.112019 60.594376
0.113886 60.545209
0.115753 60.494377
0.117620 60.442008
0.119487 60.388242
0.121354 60.333244
0.123221 60.277191
0.125088 60.220286
0.126955 60.162749
0.128822 60.104822
0.130689 60.046769
0.132556 59.988875
0.134423 59.931448
0.136290 59.874821
0.138157 59.819345
0.140024 59.765397
0.141891 59.713375
0.143758 59.663698
0.145625 59.616804
0.147492 59.573152
0.149359 59.533217
0.151226 59.497487
0.153093 59.466464
0.154960 59.440656
0.156827 59.420579
0.158693 59.406747
0.160560 59.399670
0.162428 59.399847
0.164295 59.407764
0.166161 59.423884
0.168028 59.448642
0.169895 59.482439
0.171762 59.525636
0.173629 59.578546
0.175496 59.641430
0.177363 59.714494
0.179230 59.797878
0.181097 59.891660
0.182964 59.995849
0.184831 60.110382

0.184831 60.110382
0.186698 59.991727
0.188565 59.875126
0.190432 59.760618
0.192299 59.648248
0.194166 59.538061
0.196033 59.430102
0.197900 59.324420
0.199767 59.221063
0.201634 59.120078
0.203501 59.021511
0.205368 58.925408
0.207235 58.831811
0.209102 58.740761
0.210969 58.652295
0.212836 58.566446
0.214703 58.483244
0.216570 58.402714
0.218437 58.324877
0.220304 58.249749
0.222171 58.177341
0.224038 58.107658
0.225905 58.040702
0.227772 57.976468
0.229639 57.914947
0.231506 57.856126
0.233373 57.799988
0.235240 57.746510
0.237107 57.695668
0.238974 57.647434
0.240841 57.601776
0.242708 57.558664
0.244575 57.518062
0.246442 57.479938
0.248309 57.444255
0.250176 57.410980
0.252043 57.380078
0.253910 57.351519
0.255777 57.325272
0.257644 57.301307
0.259511 57.279600
0.261378 57.260126
0.263245 57.242865
0.265112 57.227799
0.266979 57.214913
0.268846 57.204192
0.270713 57.195628
0.272579 57.189211
0.274446 57.184937
0.276313 57.182801
0.278180 57.182801
0.280047 57.184937
0.281914 57.189211
0.283781 57.195628
0.285648 57.204192
0.287515 57.214913
0.289382 57.227799
0.291249 57.242865
0.293116 57.260126
0.294983 57.279600
0.296850 57.301307
0.298717 57.325272
0.300584 57.351519
0.302451 57.380078
0.304318 57.410980
0.306185 57.444255
0.308052 57.479938
0.309919 57.518062
0.311786 57.558664
0.313653 57.601776
0.315520 57.647434
0.317387 57.695668
0.319254 57.746510
0.321121 57.799988
0.322988 57.856126
0.324855 57.914947
0.326722 57.976468
0.328589 58.040702
0.330456 58.107658
0.332323 58.177341
0.334190 58.249749
0.336057 58.324877
0.337924 58.402714
0.339791 58.483244
0.341658 58.566446
0.343525 58.652295
0.345392 58.740761
0.347259 58.831811
0.349126 58.925408
0.350993 59.021511
0.352860 59.120078
0.354727 59.221063
0.356594 59.324420
0.358461 59.430102
0.360328 59.538061
0.362195 59.648248
0.364062 59.760618
0.365929 59.875126
0.367796 59.991727
0.369663 60.110382

0.369663 60.110382
0.371530 59.995849
0.373397 59.891660
0.375264 59.797878
0.377130 59.714494
0.378997 59.641430
0.380864 59.578546
0.382732 59.525636
0.384599 59.482439
0.386466 59.448642
0.388332 59.423884
0.390199 59.407764
0.392066 59.399847
0.393933 59.399670
0.395800 59.406747
0.397667 59.420579
0.399534 59.440656
0.401401 59.466464
0.403268 59.497487
0.405135 59.533217
0.407002 59.573153
0.408869 59.616804
0.410736 59.663698
0.412603 59.713375
0.414470 59.765397
0.416337 59.819345
0.418204 59.874821
0.420071 59.931448
0.421938 59.988875
0.423805 60.046769
0.425672 60.104822
0.427539 60.162749
0.429406 60.220286
0.431273 60.277191
0.433140 60.333244
0.435007 60.388242
0.436874 60.442008
0.438741 60.494377
0.440608 60.545209
0.442475 60.594376
0.444342 60.641771
0.446209 60.687300
0.448076 60.730887
0.449943 60.772467
0.451810 60.811993
0.453677 60.849428
0.455544 60.884746
0.457411 60.917937
0.459278 60.948996
0.461145 60.977934
0.463012 61.004765
0.464879 61.029518
0.466746 61.052224
0.468613 61.072926
0.470480 61.091671
0.472347 61.108513
0.474214 61.123511
0.476081 61.136729
0.477948 61.148235
0.479815 61.158102
0.481682 61.166404
0.483549 61.173220
0.485416 61.178629
0.487283 61.182713
0.489150 61.185555
0.491017 61.187238
0.492883 61.187846
0.494750 61.187464
0.496617 61.186173
0.498484 61.184058
0.500351 61.181198
0.502218 61.177675
0.504085 61.173566
0.505952 61.168947
0.507819 61.163893
0.509686 61.158475
0.511553 61.152762
0.513420 61.146820
0.515287 61.140714
0.517154 61.134503
0.519021 61.128246
0.520888 61.121996
0.522755 61.115805
0.524622 61.109721
0.526489 61.103790
0.528356 61.098052
0.530223 61.092548
0.532090 61.087313
0.533957 61.082380
0.535824 61.077779
0.537691 61.073536
0.539558 61.069677
0.541425 61.066222
0.543292 61.063191
0.545159 61.060599
0.547026 61.058460
0.548893 61.056785
0.550760 61.055582
0.552627 61.054858
0.554494 61.054617


0.000000 78.780249
0.001867 78.774433
0.003734 78.756994
0.005601 78.727963
0.007468 78.687392
0.009335 78.635353
0.011202 78.571940
0.013069 78.497265
0.014936 78.411462
0.016803 78.314683
0.018670 78.207103
0.020537 78.088915
0.022404 77.960330
0.024271 77.821579
0.026138 77.672912
0.028005 77.514597
0.029872 77.346919
0.031739 77.170181
0.033606 76.984701
0.035473 76.790816
0.037340 76.588874
0.039207 76.379241
0.041074 76.162293
0.042941 75.938422
0.044808 75.708029
0.046675 75.471526
0.048542 75.229333
0.050409 74.981880
0.052276 74.729602
0.054143 74.472939
0.056009 74.212333
0.057876 73.948231
0.059743 73.681075
0.061610 73.411311
0.063477 73.139377
0.065344 72.865707
0.067211 72.590728
0.069078 72.314858
0.070945 72.038505
0.072812 71.762062
0.074679 71.485910
0.076546 71.210415
0.078413 70.935922
0.080280 70.662762
0.082147 70.391245
0.084014 70.121659
0.085881 69.854273
0.087748 69.589333
0.089615 69.327063
0.091482 69.067664
0.093349 68.811317
0.095216 68.558179
0.097083 68.308386
0.098950 68.062052
0.100817 67.819274
0.102684 67.580124
0.104551 67.344662
0.106418 67.112924
0.108285 66.884935
0.110152 66.660703
0.112019 66.440220
0.113886 66.223469
0.115753 66.010418
0.117620 65.801026
0.119487 65.595245
0.121354 65.393015
0.123221 65.194272
0.125088 64.998945
0.126955 64.806958
0.128822 64.618232
0.130689 64.432684
0.132556 64.250230
0.134423 64.070783
0.136290 63.894256
0.138157 63.720564
0.140024 63.549621
0.141891 63.381342
0.143758 63.215645
0.145625 63.052451
0.147492 62.891683
0.149359 62.733269
0.151226 62.577139
0.153093 62.423229
0.154960 62.271480
0.156827 62.121836
0.158693 61.974249
0.160560 61.828675
0.162428 61.685076
0.164295 61.543420
0.166161 61.403681
0.168028 61.265840
0.169895 61.129883
0.171762 60.995803
0.173629 60.863599
0.175496 60.733274
0.177363 60.604838
0.179230 60.478309
0.181097 60.353705
0.182964 60.231053
0.184831 60.110382

0.184831 60.110382
0.186698 60.235131
0.188565 60.369894
0.190432 60.514406
0.192299 60.668334
0.194166 60.831288
0.196033 61.002819
0.197900 61.182428
0.199767 61.369572
0.201634 61.563666
0.203501 61.764093
0.205368 61.970208
0.207235 62.181345
0.209102 62.396820
0.210969 62.615939
0.212836 62.838002
0.214703 63.062308
0.216570 63.288156
0.218437 63.514854
0.220304 63.741716
0.222171 63.968071
0.224038 64.193260
0.225905 64.416641
0.227772 64.637589
0.229639 64.855500
0.231506 65.069789
0.233373 65.279892
0.235240 65.485268
0.237107 65.685399
0.238974 65.879787
0.240841 66.067960
0.242708 66.249468
0.244575 66.423884
0.246442 66.590805
0.248309 66.749852
0.250176 66.900667
0.252043 67.042917
0.253910 67.176293
0.255777 67.300506
0.257644 67.415291
0.259511 67.520407
0.261378 67.615634
0.263245 67.700775
0.265112 67.775655
0.266979 67.840120
0.268846 67.894041
0.270713 67.937308
0.272579 67.969835
0.274446 67.991555
0.276313 68.002426
0.278180 68.002426
0.280047 67.991555
0.281914 67.969835
0.283781 67.937308
0.285648 67.894041
0.287515 67.840120
0.289382 67.775655
0.291249 67.700775
0.293116 67.615634
0.294983 67.520407
0.296850 67.415291
0.298717 67.300506
0.300584 67.176293
0.302451 67.042917
0.304318 66.900667
0.306185 66.749852
0.308052 66.590805
0.309919 66.423884
0.311786 66.249468
0.313653 66.067960
0.315520 65.879787
0.317387 65.685399
0.319254 65.485268
0.321121 65.279892
0.322988 65.069789
0.324855 64.855500
0.326722 64.637589
0.328589 64.416641
0.330456 64.193260
0.332323 63.968071
0.334190 63.741716
0.336057 63.514854
0.337924 63.288156
0.339791 63.062308
0.341658 62.838002
0.343525 62.615939
0.345392 62.396820
0.347259 62.181345
0.349126 61.970208
0.350993 61.764093
0.352860 61.563666
0.354727 61.369572
0.356594 61.182428
0.358461 61.002819
0.360328 60.831288
0.362195 60.668334
0.364062 60.514406
0.365929 60.369894
0.367796 60.235131
0.369663 60.110382

0.369663 60.110382
0.371530 60.231053
0.373397 60.353705
0.375264 60.478309
0.377130 60.604838
0.378997 60.733274
0.380864 60.863599
0.382732 60.995803
0.384599 61.129883
0.386466 61.265840
0.388332 61.403681
0.390199 61.543420
0.392066 61.685076
0.393933 61.828675
0.395800 61.974249
0.397667 62.121836
0.399534 62.271480
0.401401 62.423229
0.403268 62.577139
0.405135 62.733269
0.407002 62.891683
0.408869 63.052451
0.410736 63.215645
0.412603 63.381342
0.414470 63.549621
0.416337 63.720564
0.418204 63.894256
0.420071 64.070783
0.421938 64.250230
0.423805 64.432684
0.425672 64.618232
0.427539 64.806958
0.429406 64.998945
0.431273 65.194272
0.433140 65.393015
0.435007 65.595245
0.436874 65.801026
0.438741 66.010418
0.440608 66.223469
0.442475 66.440220
0.444342 66.660703
0.446209 66.884935
0.448076 67.112924
0.449943 67.344662
0.451810 67.580124
0.453677 67.819274
0.455544 68.062052
0.457411 68.308386
0.459278 68.558179
0.461145 68.811317
0.463012 69.067664
0.464879 69.327063
0.466746 69.589333
0.468613 69.854273
0.470480 70.121659
0.472347 70.391245
0.474214 70.662762
0.476081 70.935922
0.477948 71.210415
0.479815 71.485910
0.481682 71.762062
0.483549 72.038505
0.485416 72.314858
0.487283 72.590728
0.489150 72.865707
0.491017 73.139377
0.492883 73.411311
0.494750 73.681075
0.496617 73.948231
0.498484 74.212333
0.500351 74.472939
0.502218 74.729602
0.504085 74.981880
0.505952 75.229333
0.507819 75.471526
0.509686 75.708029
0.511553 75.938422
0.513420 76.162293
0.515287 76.379241
0.517154 76.588874
0.519021 76.790816
0.520888 76.984701
0.522755 77.170181
0.524622 77.346919
0.526489 77.514597
0.528356 77.672912
0.530223 77.821579
0.532090 77.960330
0.533957 78.088915
0.535824 78.207103
0.537691 78.314683
0.539558 78.411462
0.541425 78.497265
0.543292 78.571940
0.545159 78.635353
0.547026 78.687392
0.548893 78.727963
0.550760 78.756994
0.552627 78.774433
0.554494 78.780249


