  18   18
1 1
     8.152651319291770     0.000000000000000     0.000000000000000
     0.000000000000000     8.152651319291770     0.000000000000000
     0.000000000000000     0.000000000000000     9.663774804573126
1 2
    -0.379129527854280    -0.010512461011114    -0.071073895849581
     0.010512461011114     0.263707066446919     0.319930526115795
     0.071073895849581     0.319930526115795     0.503989022834177
1 3
    -0.379129527854280     0.010512461011114     0.071073895849581
    -0.010512461011114     0.263707066446919     0.319930526115795
    -0.071073895849581     0.319930526115795     0.503989022834177
1 4
     0.102997917871619     0.267843947896200    -0.241531013314917
     0.288868872983975    -0.218420379278980    -0.221517062550236
    -0.312604909164497    -0.098413463565559     0.503989022834177
1 5
     0.102997917871619    -0.267843947896200     0.241531013314917
    -0.288868872983975    -0.218420379278980    -0.221517062550236
     0.312604909164497    -0.098413463565559     0.503989022834177
1 6
    -0.059839146096264    -0.000000000000000     0.000000000000000
    -0.000000000000000    -0.059839146096264     0.000000000000000
    -0.000000000000000    -0.000000000000000     0.055084084929987
1 7
     0.102997917871619     0.288868872983975    -0.312604909164497
     0.267843947896200    -0.218420379278980    -0.098413463565559
    -0.241531013314917    -0.221517062550236     0.503989022834177
1 8
    -0.059839146096264    -0.000000000000000    -0.000000000000000
    -0.000000000000000    -0.059839146096264    -0.000000000000000
     0.000000000000000     0.000000000000000     0.055084084929987
1 9
     0.102997917871619    -0.288868872983975     0.312604909164497
    -0.267843947896200    -0.218420379278980    -0.098413463565559
     0.241531013314917    -0.221517062550236     0.503989022834177
1 10
    -3.189216887851758     1.323434090893778     2.881426260081121
     1.323434090893778    -1.661046830324960    -1.663592227169730
     2.881426260081121    -1.663592227169730    -3.876062158306401
1 11
    -3.189216887851758    -1.323434090893778    -2.881426260081121
    -1.323434090893778    -1.661046830324960    -1.663592227169730
    -2.881426260081121    -1.663592227169730    -3.876062158306401
1 12
    -0.243860871584195    -0.000000000000000    -0.000000000000000
    -0.000000000000000    -0.106078531548042    -0.137725894128168
    -0.000000000000000    -0.137725894128168    -0.289705981770908
1 13
    -0.140524115790694     0.059661503806796     0.119274124408858
     0.059661503806796    -0.209415287341544     0.068862947064084
     0.119274124408858     0.068862947064084    -0.289705981770908
1 14
     0.060555613365634     0.000000000000000    -0.000000000000000
     0.000000000000000     0.015177085489643    -0.033584849288726
    -0.000000000000000    -0.033584849288726    -0.100190898090595
1 15
    -0.140524115790694    -0.059661503806796    -0.119274124408858
    -0.059661503806796    -0.209415287341544     0.068862947064084
    -0.119274124408858     0.068862947064084    -0.289705981770908
1 16
    -0.896961801561561    -0.000000000000000     0.000000000000000
    -0.000000000000000    -3.953301916615158     3.327184454339460
     0.000000000000000     3.327184454339460    -3.876062158306401
1 17
     0.026521716692254     0.019649478742837    -0.029085332079964
     0.019649478742837     0.049210982163023     0.016792423111590
    -0.029085332079964     0.016792423111590    -0.100190898090595
1 18
     0.026521716692254    -0.019649478742837     0.029085332079964
    -0.019649478742837     0.049210982163023     0.016792423111590
     0.029085332079964     0.016792423111590    -0.100190898090595
2 1
    -0.379129527854280     0.010512461011114     0.071073895849581
    -0.010512461011114     0.263707066446919     0.319930526115795
    -0.071073895849581     0.319930526115795     0.503989022834177
2 2
     8.152651319291770     0.000000000000000     0.000000000000000
     0.000000000000000     8.152651319291770     0.000000000000000
     0.000000000000000     0.000000000000000     9.663774804573126
2 3
    -0.379129527854280    -0.010512461011114    -0.071073895849581
     0.010512461011114     0.263707066446919     0.319930526115795
     0.071073895849581     0.319930526115795     0.503989022834177
2 4
    -0.059839146096264    -0.000000000000000     0.000000000000000
    -0.000000000000000    -0.059839146096264     0.000000000000000
    -0.000000000000000    -0.000000000000000     0.055084084929987
2 5
     0.102997917871619     0.267843947896200    -0.241531013314917
     0.288868872983975    -0.218420379278980    -0.221517062550236
    -0.312604909164497    -0.098413463565559     0.503989022834177
2 6
     0.102997917871619    -0.267843947896200     0.241531013314917
    -0.288868872983975    -0.218420379278980    -0.221517062550236
     0.312604909164497    -0.098413463565559     0.503989022834177
2 7
     0.102997917871619    -0.288868872983975     0.312604909164497
    -0.267843947896200    -0.218420379278980    -0.098413463565559
     0.241531013314917    -0.221517062550236     0.503989022834177
2 8
     0.102997917871619     0.288868872983975    -0.312604909164497
     0.267843947896200    -0.218420379278980    -0.098413463565559
    -0.241531013314917    -0.221517062550236     0.503989022834177
2 9
    -0.059839146096264    -0.000000000000000    -0.000000000000000
    -0.000000000000000    -0.059839146096264    -0.000000000000000
     0.000000000000000     0.000000000000000     0.055084084929987
2 10
    -0.243860871584195    -0.000000000000000    -0.000000000000000
    -0.000000000000000    -0.106078531548042    -0.137725894128168
    -0.000000000000000    -0.137725894128168    -0.289705981770908
2 11
    -3.189216887851758     1.323434090893778     2.881426260081121
     1.323434090893778    -1.661046830324960    -1.663592227169730
     2.881426260081121    -1.663592227169730    -3.876062158306401
2 12
    -3.189216887851758    -1.323434090893778    -2.881426260081121
    -1.323434090893778    -1.661046830324960    -1.663592227169730
    -2.881426260081121    -1.663592227169730    -3.876062158306401
2 13
    -0.140524115790694    -0.059661503806796    -0.119274124408858
    -0.059661503806796    -0.209415287341544     0.068862947064084
    -0.119274124408858     0.068862947064084    -0.289705981770908
2 14
    -0.140524115790694     0.059661503806796     0.119274124408858
     0.059661503806796    -0.209415287341544     0.068862947064084
     0.119274124408858     0.068862947064084    -0.289705981770908
2 15
     0.060555613365634     0.000000000000000    -0.000000000000000
     0.000000000000000     0.015177085489643    -0.033584849288726
    -0.000000000000000    -0.033584849288726    -0.100190898090595
2 16
     0.026521716692254    -0.019649478742837     0.029085332079964
    -0.019649478742837     0.049210982163023     0.016792423111590
     0.029085332079964     0.016792423111590    -0.100190898090595
2 17
    -0.896961801561561    -0.000000000000000     0.000000000000000
    -0.000000000000000    -3.953301916615158     3.327184454339460
     0.000000000000000     3.327184454339460    -3.876062158306401
2 18
     0.026521716692254     0.019649478742837    -0.029085332079964
     0.019649478742837     0.049210982163023     0.016792423111590
    -0.029085332079964     0.016792423111590    -0.100190898090595
3 1
    -0.379129527854280    -0.010512461011114    -0.071073895849581
     0.010512461011114     0.263707066446919     0.319930526115795
     0.071073895849581     0.319930526115795     0.503989022834177
3 2
    -0.379129527854280     0.010512461011114     0.071073895849581
    -0.010512461011114     0.263707066446919     0.319930526115795
    -0.071073895849581     0.319930526115795     0.503989022834177
3 3
     8.152651319291770     0.000000000000000     0.000000000000000
     0.000000000000000     8.152651319291770     0.000000000000000
     0.000000000000000     0.000000000000000     9.663774804573126
3 4
     0.102997917871619    -0.267843947896200     0.241531013314917
    -0.288868872983975    -0.218420379278980    -0.221517062550236
     0.312604909164497    -0.098413463565559     0.503989022834177
3 5
    -0.059839146096264    -0.000000000000000     0.000000000000000
    -0.000000000000000    -0.059839146096264     0.000000000000000
    -0.000000000000000    -0.000000000000000     0.055084084929987
3 6
     0.102997917871619     0.267843947896200    -0.241531013314917
     0.288868872983975    -0.218420379278980    -0.221517062550236
    -0.312604909164497    -0.098413463565559     0.503989022834177
3 7
    -0.059839146096264    -0.000000000000000    -0.000000000000000
    -0.000000000000000    -0.059839146096264    -0.000000000000000
     0.000000000000000     0.000000000000000     0.055084084929987
3 8
     0.102997917871619    -0.288868872983975     0.312604909164497
    -0.267843947896200    -0.218420379278980    -0.098413463565559
     0.241531013314917    -0.221517062550236     0.503989022834177
3 9
     0.102997917871619     0.288868872983975    -0.312604909164497
     0.267843947896200    -0.218420379278980    -0.098413463565559
    -0.241531013314917    -0.221517062550236     0.503989022834177
3 10
    -3.189216887851758    -1.323434090893778    -2.881426260081121
    -1.323434090893778    -1.661046830324960    -1.663592227169730
    -2.881426260081121    -1.663592227169730    -3.876062158306401
3 11
    -0.243860871584195    -0.000000000000000    -0.000000000000000
    -0.000000000000000    -0.106078531548042    -0.137725894128168
    -0.000000000000000    -0.137725894128168    -0.289705981770908
3 12
    -3.189216887851758     1.323434090893778     2.881426260081121
     1.323434090893778    -1.661046830324960    -1.663592227169730
     2.881426260081121    -1.663592227169730    -3.876062158306401
3 13
     0.060555613365634     0.000000000000000    -0.000000000000000
     0.000000000000000     0.015177085489643    -0.033584849288726
    -0.000000000000000    -0.033584849288726    -0.100190898090595
3 14
    -0.140524115790694    -0.059661503806796    -0.119274124408858
    -0.059661503806796    -0.209415287341544     0.068862947064084
    -0.119274124408858     0.068862947064084    -0.289705981770908
3 15
    -0.140524115790694     0.059661503806796     0.119274124408858
     0.059661503806796    -0.209415287341544     0.068862947064084
     0.119274124408858     0.068862947064084    -0.289705981770908
3 16
     0.026521716692254     0.019649478742837    -0.029085332079964
     0.019649478742837     0.049210982163023     0.016792423111590
    -0.029085332079964     0.016792423111590    -0.100190898090595
3 17
     0.026521716692254    -0.019649478742837     0.029085332079964
    -0.019649478742837     0.049210982163023     0.016792423111590
     0.029085332079964     0.016792423111590    -0.100190898090595
3 18
    -0.896961801561561    -0.000000000000000     0.000000000000000
    -0.000000000000000    -3.953301916615158     3.327184454339460
     0.000000000000000     3.327184454339460    -3.876062158306401
4 1
     0.102997917871619     0.288868872983975    -0.312604909164497
     0.267843947896200    -0.218420379278980    -0.098413463565559
    -0.241531013314917    -0.221517062550236     0.503989022834177
4 2
    -0.059839146096264    -0.000000000000000    -0.000000000000000
    -0.000000000000000    -0.059839146096264    -0.000000000000000
     0.000000000000000     0.000000000000000     0.055084084929987
4 3
     0.102997917871619    -0.288868872983975     0.312604909164497
    -0.267843947896200    -0.218420379278980    -0.098413463565559
     0.241531013314917    -0.221517062550236     0.503989022834177
4 4
     8.152651319291770     0.000000000000000     0.000000000000000
     0.000000000000000     8.152651319291770     0.000000000000000
     0.000000000000000     0.000000000000000     9.663774804573126
4 5
    -0.379129527854280    -0.010512461011114    -0.071073895849581
     0.010512461011114     0.263707066446919     0.319930526115795
     0.071073895849581     0.319930526115795     0.503989022834177
4 6
    -0.379129527854280     0.010512461011114     0.071073895849581
    -0.010512461011114     0.263707066446919     0.319930526115795
    -0.071073895849581     0.319930526115795     0.503989022834177
4 7
     0.102997917871619     0.267843947896200    -0.241531013314917
     0.288868872983975    -0.218420379278980    -0.221517062550236
    -0.312604909164497    -0.098413463565559     0.503989022834177
4 8
     0.102997917871619    -0.267843947896200     0.241531013314917
    -0.288868872983975    -0.218420379278980    -0.221517062550236
     0.312604909164497    -0.098413463565559     0.503989022834177
4 9
    -0.059839146096264    -0.000000000000000     0.000000000000000
    -0.000000000000000    -0.059839146096264     0.000000000000000
    -0.000000000000000    -0.000000000000000     0.055084084929987
4 10
    -0.896961801561561    -0.000000000000000     0.000000000000000
    -0.000000000000000    -3.953301916615158     3.327184454339460
     0.000000000000000     3.327184454339460    -3.876062158306401
4 11
     0.026521716692254     0.019649478742837    -0.029085332079964
     0.019649478742837     0.049210982163023     0.016792423111590
    -0.029085332079964     0.016792423111590    -0.100190898090595
4 12
     0.026521716692254    -0.019649478742837     0.029085332079964
    -0.019649478742837     0.049210982163023     0.016792423111590
     0.029085332079964     0.016792423111590    -0.100190898090595
4 13
    -3.189216887851758     1.323434090893778     2.881426260081121
     1.323434090893778    -1.661046830324960    -1.663592227169730
     2.881426260081121    -1.663592227169730    -3.876062158306401
4 14
    -3.189216887851758    -1.323434090893778    -2.881426260081121
    -1.323434090893778    -1.661046830324960    -1.663592227169730
    -2.881426260081121    -1.663592227169730    -3.876062158306401
4 15
    -0.243860871584195    -0.000000000000000    -0.000000000000000
    -0.000000000000000    -0.106078531548042    -0.137725894128168
    -0.000000000000000    -0.137725894128168    -0.289705981770908
4 16
    -0.140524115790694     0.059661503806796     0.119274124408858
     0.059661503806796    -0.209415287341544     0.068862947064084
     0.119274124408858     0.068862947064084    -0.289705981770908
4 17
     0.060555613365634     0.000000000000000    -0.000000000000000
     0.000000000000000     0.015177085489643    -0.033584849288726
    -0.000000000000000    -0.033584849288726    -0.100190898090595
4 18
    -0.140524115790694    -0.059661503806796    -0.119274124408858
    -0.059661503806796    -0.209415287341544     0.068862947064084
    -0.119274124408858     0.068862947064084    -0.289705981770908
5 1
     0.102997917871619    -0.288868872983975     0.312604909164497
    -0.267843947896200    -0.218420379278980    -0.098413463565559
     0.241531013314917    -0.221517062550236     0.503989022834177
5 2
     0.102997917871619     0.288868872983975    -0.312604909164497
     0.267843947896200    -0.218420379278980    -0.098413463565559
    -0.241531013314917    -0.221517062550236     0.503989022834177
5 3
    -0.059839146096264    -0.000000000000000    -0.000000000000000
    -0.000000000000000    -0.059839146096264    -0.000000000000000
     0.000000000000000     0.000000000000000     0.055084084929987
5 4
    -0.379129527854280     0.010512461011114     0.071073895849581
    -0.010512461011114     0.263707066446919     0.319930526115795
    -0.071073895849581     0.319930526115795     0.503989022834177
5 5
     8.152651319291770     0.000000000000000     0.000000000000000
     0.000000000000000     8.152651319291770     0.000000000000000
     0.000000000000000     0.000000000000000     9.663774804573126
5 6
    -0.379129527854280    -0.010512461011114    -0.071073895849581
     0.010512461011114     0.263707066446919     0.319930526115795
     0.071073895849581     0.319930526115795     0.503989022834177
5 7
    -0.059839146096264    -0.000000000000000     0.000000000000000
    -0.000000000000000    -0.059839146096264     0.000000000000000
    -0.000000000000000    -0.000000000000000     0.055084084929987
5 8
     0.102997917871619     0.267843947896200    -0.241531013314917
     0.288868872983975    -0.218420379278980    -0.221517062550236
    -0.312604909164497    -0.098413463565559     0.503989022834177
5 9
     0.102997917871619    -0.267843947896200     0.241531013314917
    -0.288868872983975    -0.218420379278980    -0.221517062550236
     0.312604909164497    -0.098413463565559     0.503989022834177
5 10
     0.026521716692254    -0.019649478742837     0.029085332079964
    -0.019649478742837     0.049210982163023     0.016792423111590
     0.029085332079964     0.016792423111590    -0.100190898090595
5 11
    -0.896961801561561    -0.000000000000000     0.000000000000000
    -0.000000000000000    -3.953301916615158     3.327184454339460
     0.000000000000000     3.327184454339460    -3.876062158306401
5 12
     0.026521716692254     0.019649478742837    -0.029085332079964
     0.019649478742837     0.049210982163023     0.016792423111590
    -0.029085332079964     0.016792423111590    -0.100190898090595
5 13
    -0.243860871584195    -0.000000000000000    -0.000000000000000
    -0.000000000000000    -0.106078531548042    -0.137725894128168
    -0.000000000000000    -0.137725894128168    -0.289705981770908
5 14
    -3.189216887851758     1.323434090893778     2.881426260081121
     1.323434090893778    -1.661046830324960    -1.663592227169730
     2.881426260081121    -1.663592227169730    -3.876062158306401
5 15
    -3.189216887851758    -1.323434090893778    -2.881426260081121
    -1.323434090893778    -1.661046830324960    -1.663592227169730
    -2.881426260081121    -1.663592227169730    -3.876062158306401
5 16
    -0.140524115790694    -0.059661503806796    -0.119274124408858
    -0.059661503806796    -0.209415287341544     0.068862947064084
    -0.119274124408858     0.068862947064084    -0.289705981770908
5 17
    -0.140524115790694     0.059661503806796     0.119274124408858
     0.059661503806796    -0.209415287341544     0.068862947064084
     0.119274124408858     0.068862947064084    -0.289705981770908
5 18
     0.060555613365634     0.000000000000000    -0.000000000000000
     0.000000000000000     0.015177085489643    -0.033584849288726
    -0.000000000000000    -0.033584849288726    -0.100190898090595
6 1
    -0.059839146096264    -0.000000000000000    -0.000000000000000
    -0.000000000000000    -0.059839146096264    -0.000000000000000
     0.000000000000000     0.000000000000000     0.055084084929987
6 2
     0.102997917871619    -0.288868872983975     0.312604909164497
    -0.267843947896200    -0.218420379278980    -0.098413463565559
     0.241531013314917    -0.221517062550236     0.503989022834177
6 3
     0.102997917871619     0.288868872983975    -0.312604909164497
     0.267843947896200    -0.218420379278980    -0.098413463565559
    -0.241531013314917    -0.221517062550236     0.503989022834177
6 4
    -0.379129527854280    -0.010512461011114    -0.071073895849581
     0.010512461011114     0.263707066446919     0.319930526115795
     0.071073895849581     0.319930526115795     0.503989022834177
6 5
    -0.379129527854280     0.010512461011114     0.071073895849581
    -0.010512461011114     0.263707066446919     0.319930526115795
    -0.071073895849581     0.319930526115795     0.503989022834177
6 6
     8.152651319291770     0.000000000000000     0.000000000000000
     0.000000000000000     8.152651319291770     0.000000000000000
     0.000000000000000     0.000000000000000     9.663774804573126
6 7
     0.102997917871619    -0.267843947896200     0.241531013314917
    -0.288868872983975    -0.218420379278980    -0.221517062550236
     0.312604909164497    -0.098413463565559     0.503989022834177
6 8
    -0.059839146096264    -0.000000000000000     0.000000000000000
    -0.000000000000000    -0.059839146096264     0.000000000000000
    -0.000000000000000    -0.000000000000000     0.055084084929987
6 9
     0.102997917871619     0.267843947896200    -0.241531013314917
     0.288868872983975    -0.218420379278980    -0.221517062550236
    -0.312604909164497    -0.098413463565559     0.503989022834177
6 10
     0.026521716692254     0.019649478742837    -0.029085332079964
     0.019649478742837     0.049210982163023     0.016792423111590
    -0.029085332079964     0.016792423111590    -0.100190898090595
6 11
     0.026521716692254    -0.019649478742837     0.029085332079964
    -0.019649478742837     0.049210982163023     0.016792423111590
     0.029085332079964     0.016792423111590    -0.100190898090595
6 12
    -0.896961801561561    -0.000000000000000     0.000000000000000
    -0.000000000000000    -3.953301916615158     3.327184454339460
     0.000000000000000     3.327184454339460    -3.876062158306401
6 13
    -3.189216887851758    -1.323434090893778    -2.881426260081121
    -1.323434090893778    -1.661046830324960    -1.663592227169730
    -2.881426260081121    -1.663592227169730    -3.876062158306401
6 14
    -0.243860871584195    -0.000000000000000    -0.000000000000000
    -0.000000000000000    -0.106078531548042    -0.137725894128168
    -0.000000000000000    -0.137725894128168    -0.289705981770908
6 15
    -3.189216887851758     1.323434090893778     2.881426260081121
     1.323434090893778    -1.661046830324960    -1.663592227169730
     2.881426260081121    -1.663592227169730    -3.876062158306401
6 16
     0.060555613365634     0.000000000000000    -0.000000000000000
     0.000000000000000     0.015177085489643    -0.033584849288726
    -0.000000000000000    -0.033584849288726    -0.100190898090595
6 17
    -0.140524115790694    -0.059661503806796    -0.119274124408858
    -0.059661503806796    -0.209415287341544     0.068862947064084
    -0.119274124408858     0.068862947064084    -0.289705981770908
6 18
    -0.140524115790694     0.059661503806796     0.119274124408858
     0.059661503806796    -0.209415287341544     0.068862947064084
     0.119274124408858     0.068862947064084    -0.289705981770908
7 1
     0.102997917871619     0.267843947896200    -0.241531013314917
     0.288868872983975    -0.218420379278980    -0.221517062550236
    -0.312604909164497    -0.098413463565559     0.503989022834177
7 2
     0.102997917871619    -0.267843947896200     0.241531013314917
    -0.288868872983975    -0.218420379278980    -0.221517062550236
     0.312604909164497    -0.098413463565559     0.503989022834177
7 3
    -0.059839146096264    -0.000000000000000     0.000000000000000
    -0.000000000000000    -0.059839146096264     0.000000000000000
    -0.000000000000000    -0.000000000000000     0.055084084929987
7 4
     0.102997917871619     0.288868872983975    -0.312604909164497
     0.267843947896200    -0.218420379278980    -0.098413463565559
    -0.241531013314917    -0.221517062550236     0.503989022834177
7 5
    -0.059839146096264    -0.000000000000000    -0.000000000000000
    -0.000000000000000    -0.059839146096264    -0.000000000000000
     0.000000000000000     0.000000000000000     0.055084084929987
7 6
     0.102997917871619    -0.288868872983975     0.312604909164497
    -0.267843947896200    -0.218420379278980    -0.098413463565559
     0.241531013314917    -0.221517062550236     0.503989022834177
7 7
     8.152651319291770     0.000000000000000     0.000000000000000
     0.000000000000000     8.152651319291770     0.000000000000000
     0.000000000000000     0.000000000000000     9.663774804573126
7 8
    -0.379129527854280    -0.010512461011114    -0.071073895849581
     0.010512461011114     0.263707066446919     0.319930526115795
     0.071073895849581     0.319930526115795     0.503989022834177
7 9
    -0.379129527854280     0.010512461011114     0.071073895849581
    -0.010512461011114     0.263707066446919     0.319930526115795
    -0.071073895849581     0.319930526115795     0.503989022834177
7 10
    -0.140524115790694     0.059661503806796     0.119274124408858
     0.059661503806796    -0.209415287341544     0.068862947064084
     0.119274124408858     0.068862947064084    -0.289705981770908
7 11
     0.060555613365634     0.000000000000000    -0.000000000000000
     0.000000000000000     0.015177085489643    -0.033584849288726
    -0.000000000000000    -0.033584849288726    -0.100190898090595
7 12
    -0.140524115790694    -0.059661503806796    -0.119274124408858
    -0.059661503806796    -0.209415287341544     0.068862947064084
    -0.119274124408858     0.068862947064084    -0.289705981770908
7 13
    -0.896961801561561    -0.000000000000000     0.000000000000000
    -0.000000000000000    -3.953301916615158     3.327184454339460
     0.000000000000000     3.327184454339460    -3.876062158306401
7 14
     0.026521716692254     0.019649478742837    -0.029085332079964
     0.019649478742837     0.049210982163023     0.016792423111590
    -0.029085332079964     0.016792423111590    -0.100190898090595
7 15
     0.026521716692254    -0.019649478742837     0.029085332079964
    -0.019649478742837     0.049210982163023     0.016792423111590
     0.029085332079964     0.016792423111590    -0.100190898090595
7 16
    -3.189216887851758     1.323434090893778     2.881426260081121
     1.323434090893778    -1.661046830324960    -1.663592227169730
     2.881426260081121    -1.663592227169730    -3.876062158306401
7 17
    -3.189216887851758    -1.323434090893778    -2.881426260081121
    -1.323434090893778    -1.661046830324960    -1.663592227169730
    -2.881426260081121    -1.663592227169730    -3.876062158306401
7 18
    -0.243860871584195    -0.000000000000000    -0.000000000000000
    -0.000000000000000    -0.106078531548042    -0.137725894128168
    -0.000000000000000    -0.137725894128168    -0.289705981770908
8 1
    -0.059839146096264    -0.000000000000000     0.000000000000000
    -0.000000000000000    -0.059839146096264     0.000000000000000
    -0.000000000000000    -0.000000000000000     0.055084084929987
8 2
     0.102997917871619     0.267843947896200    -0.241531013314917
     0.288868872983975    -0.218420379278980    -0.221517062550236
    -0.312604909164497    -0.098413463565559     0.503989022834177
8 3
     0.102997917871619    -0.267843947896200     0.241531013314917
    -0.288868872983975    -0.218420379278980    -0.221517062550236
     0.312604909164497    -0.098413463565559     0.503989022834177
8 4
     0.102997917871619    -0.288868872983975     0.312604909164497
    -0.267843947896200    -0.218420379278980    -0.098413463565559
     0.241531013314917    -0.221517062550236     0.503989022834177
8 5
     0.102997917871619     0.288868872983975    -0.312604909164497
     0.267843947896200    -0.218420379278980    -0.098413463565559
    -0.241531013314917    -0.221517062550236     0.503989022834177
8 6
    -0.059839146096264    -0.000000000000000    -0.000000000000000
    -0.000000000000000    -0.059839146096264    -0.000000000000000
     0.000000000000000     0.000000000000000     0.055084084929987
8 7
    -0.379129527854280     0.010512461011114     0.071073895849581
    -0.010512461011114     0.263707066446919     0.319930526115795
    -0.071073895849581     0.319930526115795     0.503989022834177
8 8
     8.152651319291770     0.000000000000000     0.000000000000000
     0.000000000000000     8.152651319291770     0.000000000000000
     0.000000000000000     0.000000000000000     9.663774804573126
8 9
    -0.379129527854280    -0.010512461011114    -0.071073895849581
     0.010512461011114     0.263707066446919     0.319930526115795
     0.071073895849581     0.319930526115795     0.503989022834177
8 10
    -0.140524115790694    -0.059661503806796    -0.119274124408858
    -0.059661503806796    -0.209415287341544     0.068862947064084
    -0.119274124408858     0.068862947064084    -0.289705981770908
8 11
    -0.140524115790694     0.059661503806796     0.119274124408858
     0.059661503806796    -0.209415287341544     0.068862947064084
     0.119274124408858     0.068862947064084    -0.289705981770908
8 12
     0.060555613365634     0.000000000000000    -0.000000000000000
     0.000000000000000     0.015177085489643    -0.033584849288726
    -0.000000000000000    -0.033584849288726    -0.100190898090595
8 13
     0.026521716692254    -0.019649478742837     0.029085332079964
    -0.019649478742837     0.049210982163023     0.016792423111590
     0.029085332079964     0.016792423111590    -0.100190898090595
8 14
    -0.896961801561561    -0.000000000000000     0.000000000000000
    -0.000000000000000    -3.953301916615158     3.327184454339460
     0.000000000000000     3.327184454339460    -3.876062158306401
8 15
     0.026521716692254     0.019649478742837    -0.029085332079964
     0.019649478742837     0.049210982163023     0.016792423111590
    -0.029085332079964     0.016792423111590    -0.100190898090595
8 16
    -0.243860871584195    -0.000000000000000    -0.000000000000000
    -0.000000000000000    -0.106078531548042    -0.137725894128168
    -0.000000000000000    -0.137725894128168    -0.289705981770908
8 17
    -3.189216887851758     1.323434090893778     2.881426260081121
     1.323434090893778    -1.661046830324960    -1.663592227169730
     2.881426260081121    -1.663592227169730    -3.876062158306401
8 18
    -3.189216887851758    -1.323434090893778    -2.881426260081121
    -1.323434090893778    -1.661046830324960    -1.663592227169730
    -2.881426260081121    -1.663592227169730    -3.876062158306401
9 1
     0.102997917871619    -0.267843947896200     0.241531013314917
    -0.288868872983975    -0.218420379278980    -0.221517062550236
     0.312604909164497    -0.098413463565559     0.503989022834177
9 2
    -0.059839146096264    -0.000000000000000     0.000000000000000
    -0.000000000000000    -0.059839146096264     0.000000000000000
    -0.000000000000000    -0.000000000000000     0.055084084929987
9 3
     0.102997917871619     0.267843947896200    -0.241531013314917
     0.288868872983975    -0.218420379278980    -0.221517062550236
    -0.312604909164497    -0.098413463565559     0.503989022834177
9 4
    -0.059839146096264    -0.000000000000000    -0.000000000000000
    -0.000000000000000    -0.059839146096264    -0.000000000000000
     0.000000000000000     0.000000000000000     0.055084084929987
9 5
     0.102997917871619    -0.288868872983975     0.312604909164497
    -0.267843947896200    -0.218420379278980    -0.098413463565559
     0.241531013314917    -0.221517062550236     0.503989022834177
9 6
     0.102997917871619     0.288868872983975    -0.312604909164497
     0.267843947896200    -0.218420379278980    -0.098413463565559
    -0.241531013314917    -0.221517062550236     0.503989022834177
9 7
    -0.379129527854280    -0.010512461011114    -0.071073895849581
     0.010512461011114     0.263707066446919     0.319930526115795
     0.071073895849581     0.319930526115795     0.503989022834177
9 8
    -0.379129527854280     0.010512461011114     0.071073895849581
    -0.010512461011114     0.263707066446919     0.319930526115795
    -0.071073895849581     0.319930526115795     0.503989022834177
9 9
     8.152651319291770     0.000000000000000     0.000000000000000
     0.000000000000000     8.152651319291770     0.000000000000000
     0.000000000000000     0.000000000000000     9.663774804573126
9 10
     0.060555613365634     0.000000000000000    -0.000000000000000
     0.000000000000000     0.015177085489643    -0.033584849288726
    -0.000000000000000    -0.033584849288726    -0.100190898090595
9 11
    -0.140524115790694    -0.059661503806796    -0.119274124408858
    -0.059661503806796    -0.209415287341544     0.068862947064084
    -0.119274124408858     0.068862947064084    -0.289705981770908
9 12
    -0.140524115790694     0.059661503806796     0.119274124408858
     0.059661503806796    -0.209415287341544     0.068862947064084
     0.119274124408858     0.068862947064084    -0.289705981770908
9 13
     0.026521716692254     0.019649478742837    -0.029085332079964
     0.019649478742837     0.049210982163023     0.016792423111590
    -0.029085332079964     0.016792423111590    -0.100190898090595
9 14
     0.026521716692254    -0.019649478742837     0.029085332079964
    -0.019649478742837     0.049210982163023     0.016792423111590
     0.029085332079964     0.016792423111590    -0.100190898090595
9 15
    -0.896961801561561    -0.000000000000000     0.000000000000000
    -0.000000000000000    -3.953301916615158     3.327184454339460
     0.000000000000000     3.327184454339460    -3.876062158306401
9 16
    -3.189216887851758    -1.323434090893778    -2.881426260081121
    -1.323434090893778    -1.661046830324960    -1.663592227169730
    -2.881426260081121    -1.663592227169730    -3.876062158306401
9 17
    -0.243860871584195    -0.000000000000000    -0.000000000000000
    -0.000000000000000    -0.106078531548042    -0.137725894128168
    -0.000000000000000    -0.137725894128168    -0.289705981770908
9 18
    -3.189216887851758     1.323434090893778     2.881426260081121
     1.323434090893778    -1.661046830324960    -1.663592227169730
     2.881426260081121    -1.663592227169730    -3.876062158306401
10 1
    -3.189216887851758     1.323434090893778     2.881426260081121
     1.323434090893778    -1.661046830324960    -1.663592227169730
     2.881426260081121    -1.663592227169730    -3.876062158306401
10 2
    -0.243860871584195    -0.000000000000000    -0.000000000000000
    -0.000000000000000    -0.106078531548042    -0.137725894128168
    -0.000000000000000    -0.137725894128168    -0.289705981770908
10 3
    -3.189216887851758    -1.323434090893778    -2.881426260081121
    -1.323434090893778    -1.661046830324960    -1.663592227169730
    -2.881426260081121    -1.663592227169730    -3.876062158306401
10 4
    -0.896961801561561    -0.000000000000000     0.000000000000000
    -0.000000000000000    -3.953301916615158     3.327184454339460
     0.000000000000000     3.327184454339460    -3.876062158306401
10 5
     0.026521716692254    -0.019649478742837     0.029085332079964
    -0.019649478742837     0.049210982163023     0.016792423111590
     0.029085332079964     0.016792423111590    -0.100190898090595
10 6
     0.026521716692254     0.019649478742837    -0.029085332079964
     0.019649478742837     0.049210982163023     0.016792423111590
    -0.029085332079964     0.016792423111590    -0.100190898090595
10 7
    -0.140524115790694     0.059661503806796     0.119274124408858
     0.059661503806796    -0.209415287341544     0.068862947064084
     0.119274124408858     0.068862947064084    -0.289705981770908
10 8
    -0.140524115790694    -0.059661503806796    -0.119274124408858
    -0.059661503806796    -0.209415287341544     0.068862947064084
    -0.119274124408858     0.068862947064084    -0.289705981770908
10 9
     0.060555613365634     0.000000000000000    -0.000000000000000
     0.000000000000000     0.015177085489643    -0.033584849288726
    -0.000000000000000    -0.033584849288726    -0.100190898090595
10 10
     8.152651319291770     0.000000000000000     0.000000000000000
     0.000000000000000     8.152651319291770     0.000000000000000
     0.000000000000000     0.000000000000000     9.663774804573126
10 11
    -0.379129527854280     0.010512461011114     0.071073895849581
    -0.010512461011114     0.263707066446919     0.319930526115795
    -0.071073895849581     0.319930526115795     0.503989022834177
10 12
    -0.379129527854280    -0.010512461011114    -0.071073895849581
     0.010512461011114     0.263707066446919     0.319930526115795
     0.071073895849581     0.319930526115795     0.503989022834177
10 13
     0.102997917871619     0.288868872983975    -0.312604909164497
     0.267843947896200    -0.218420379278980    -0.098413463565559
    -0.241531013314917    -0.221517062550236     0.503989022834177
10 14
     0.102997917871619    -0.288868872983975     0.312604909164497
    -0.267843947896200    -0.218420379278980    -0.098413463565559
     0.241531013314917    -0.221517062550236     0.503989022834177
10 15
    -0.059839146096264    -0.000000000000000    -0.000000000000000
    -0.000000000000000    -0.059839146096264    -0.000000000000000
     0.000000000000000     0.000000000000000     0.055084084929987
10 16
     0.102997917871619     0.267843947896200    -0.241531013314917
     0.288868872983975    -0.218420379278980    -0.221517062550236
    -0.312604909164497    -0.098413463565559     0.503989022834177
10 17
    -0.059839146096264    -0.000000000000000     0.000000000000000
    -0.000000000000000    -0.059839146096264     0.000000000000000
    -0.000000000000000    -0.000000000000000     0.055084084929987
10 18
     0.102997917871619    -0.267843947896200     0.241531013314917
    -0.288868872983975    -0.218420379278980    -0.221517062550236
     0.312604909164497    -0.098413463565559     0.503989022834177
11 1
    -3.189216887851758    -1.323434090893778    -2.881426260081121
    -1.323434090893778    -1.661046830324960    -1.663592227169730
    -2.881426260081121    -1.663592227169730    -3.876062158306401
11 2
    -3.189216887851758     1.323434090893778     2.881426260081121
     1.323434090893778    -1.661046830324960    -1.663592227169730
     2.881426260081121    -1.663592227169730    -3.876062158306401
11 3
    -0.243860871584195    -0.000000000000000    -0.000000000000000
    -0.000000000000000    -0.106078531548042    -0.137725894128168
    -0.000000000000000    -0.137725894128168    -0.289705981770908
11 4
     0.026521716692254     0.019649478742837    -0.029085332079964
     0.019649478742837     0.049210982163023     0.016792423111590
    -0.029085332079964     0.016792423111590    -0.100190898090595
11 5
    -0.896961801561561    -0.000000000000000     0.000000000000000
    -0.000000000000000    -3.953301916615158     3.327184454339460
     0.000000000000000     3.327184454339460    -3.876062158306401
11 6
     0.026521716692254    -0.019649478742837     0.029085332079964
    -0.019649478742837     0.049210982163023     0.016792423111590
     0.029085332079964     0.016792423111590    -0.100190898090595
11 7
     0.060555613365634     0.000000000000000    -0.000000000000000
     0.000000000000000     0.015177085489643    -0.033584849288726
    -0.000000000000000    -0.033584849288726    -0.100190898090595
11 8
    -0.140524115790694     0.059661503806796     0.119274124408858
     0.059661503806796    -0.209415287341544     0.068862947064084
     0.119274124408858     0.068862947064084    -0.289705981770908
11 9
    -0.140524115790694    -0.059661503806796    -0.119274124408858
    -0.059661503806796    -0.209415287341544     0.068862947064084
    -0.119274124408858     0.068862947064084    -0.289705981770908
11 10
    -0.379129527854280    -0.010512461011114    -0.071073895849581
     0.010512461011114     0.263707066446919     0.319930526115795
     0.071073895849581     0.319930526115795     0.503989022834177
11 11
     8.152651319291770     0.000000000000000     0.000000000000000
     0.000000000000000     8.152651319291770     0.000000000000000
     0.000000000000000     0.000000000000000     9.663774804573126
11 12
    -0.379129527854280     0.010512461011114     0.071073895849581
    -0.010512461011114     0.263707066446919     0.319930526115795
    -0.071073895849581     0.319930526115795     0.503989022834177
11 13
    -0.059839146096264    -0.000000000000000    -0.000000000000000
    -0.000000000000000    -0.059839146096264    -0.000000000000000
     0.000000000000000     0.000000000000000     0.055084084929987
11 14
     0.102997917871619     0.288868872983975    -0.312604909164497
     0.267843947896200    -0.218420379278980    -0.098413463565559
    -0.241531013314917    -0.221517062550236     0.503989022834177
11 15
     0.102997917871619    -0.288868872983975     0.312604909164497
    -0.267843947896200    -0.218420379278980    -0.098413463565559
     0.241531013314917    -0.221517062550236     0.503989022834177
11 16
     0.102997917871619    -0.267843947896200     0.241531013314917
    -0.288868872983975    -0.218420379278980    -0.221517062550236
     0.312604909164497    -0.098413463565559     0.503989022834177
11 17
     0.102997917871619     0.267843947896200    -0.241531013314917
     0.288868872983975    -0.218420379278980    -0.221517062550236
    -0.312604909164497    -0.098413463565559     0.503989022834177
11 18
    -0.059839146096264    -0.000000000000000     0.000000000000000
    -0.000000000000000    -0.059839146096264     0.000000000000000
    -0.000000000000000    -0.000000000000000     0.055084084929987
12 1
    -0.243860871584195    -0.000000000000000    -0.000000000000000
    -0.000000000000000    -0.106078531548042    -0.137725894128168
    -0.000000000000000    -0.137725894128168    -0.289705981770908
12 2
    -3.189216887851758    -1.323434090893778    -2.881426260081121
    -1.323434090893778    -1.661046830324960    -1.663592227169730
    -2.881426260081121    -1.663592227169730    -3.876062158306401
12 3
    -3.189216887851758     1.323434090893778     2.881426260081121
     1.323434090893778    -1.661046830324960    -1.663592227169730
     2.881426260081121    -1.663592227169730    -3.876062158306401
12 4
     0.026521716692254    -0.019649478742837     0.029085332079964
    -0.019649478742837     0.049210982163023     0.016792423111590
     0.029085332079964     0.016792423111590    -0.100190898090595
12 5
     0.026521716692254     0.019649478742837    -0.029085332079964
     0.019649478742837     0.049210982163023     0.016792423111590
    -0.029085332079964     0.016792423111590    -0.100190898090595
12 6
    -0.896961801561561    -0.000000000000000     0.000000000000000
    -0.000000000000000    -3.953301916615158     3.327184454339460
     0.000000000000000     3.327184454339460    -3.876062158306401
12 7
    -0.140524115790694    -0.059661503806796    -0.119274124408858
    -0.059661503806796    -0.209415287341544     0.068862947064084
    -0.119274124408858     0.068862947064084    -0.289705981770908
12 8
     0.060555613365634     0.000000000000000    -0.000000000000000
     0.000000000000000     0.015177085489643    -0.033584849288726
    -0.000000000000000    -0.033584849288726    -0.100190898090595
12 9
    -0.140524115790694     0.059661503806796     0.119274124408858
     0.059661503806796    -0.209415287341544     0.068862947064084
     0.119274124408858     0.068862947064084    -0.289705981770908
12 10
    -0.379129527854280     0.010512461011114     0.071073895849581
    -0.010512461011114     0.263707066446919     0.319930526115795
    -0.071073895849581     0.319930526115795     0.503989022834177
12 11
    -0.379129527854280    -0.010512461011114    -0.071073895849581
     0.010512461011114     0.263707066446919     0.319930526115795
     0.071073895849581     0.319930526115795     0.503989022834177
12 12
     8.152651319291770     0.000000000000000     0.000000000000000
     0.000000000000000     8.152651319291770     0.000000000000000
     0.000000000000000     0.000000000000000     9.663774804573126
12 13
     0.102997917871619    -0.288868872983975     0.312604909164497
    -0.267843947896200    -0.218420379278980    -0.098413463565559
     0.241531013314917    -0.221517062550236     0.503989022834177
12 14
    -0.059839146096264    -0.000000000000000    -0.000000000000000
    -0.000000000000000    -0.059839146096264    -0.000000000000000
     0.000000000000000     0.000000000000000     0.055084084929987
12 15
     0.102997917871619     0.288868872983975    -0.312604909164497
     0.267843947896200    -0.218420379278980    -0.098413463565559
    -0.241531013314917    -0.221517062550236     0.503989022834177
12 16
    -0.059839146096264    -0.000000000000000     0.000000000000000
    -0.000000000000000    -0.059839146096264     0.000000000000000
    -0.000000000000000    -0.000000000000000     0.055084084929987
12 17
     0.102997917871619    -0.267843947896200     0.241531013314917
    -0.288868872983975    -0.218420379278980    -0.221517062550236
     0.312604909164497    -0.098413463565559     0.503989022834177
12 18
     0.102997917871619     0.267843947896200    -0.241531013314917
     0.288868872983975    -0.218420379278980    -0.221517062550236
    -0.312604909164497    -0.098413463565559     0.503989022834177
13 1
    -0.140524115790694     0.059661503806796     0.119274124408858
     0.059661503806796    -0.209415287341544     0.068862947064084
     0.119274124408858     0.068862947064084    -0.289705981770908
13 2
    -0.140524115790694    -0.059661503806796    -0.119274124408858
    -0.059661503806796    -0.209415287341544     0.068862947064084
    -0.119274124408858     0.068862947064084    -0.289705981770908
13 3
     0.060555613365634     0.000000000000000    -0.000000000000000
     0.000000000000000     0.015177085489643    -0.033584849288726
    -0.000000000000000    -0.033584849288726    -0.100190898090595
13 4
    -3.189216887851758     1.323434090893778     2.881426260081121
     1.323434090893778    -1.661046830324960    -1.663592227169730
     2.881426260081121    -1.663592227169730    -3.876062158306401
13 5
    -0.243860871584195    -0.000000000000000    -0.000000000000000
    -0.000000000000000    -0.106078531548042    -0.137725894128168
    -0.000000000000000    -0.137725894128168    -0.289705981770908
13 6
    -3.189216887851758    -1.323434090893778    -2.881426260081121
    -1.323434090893778    -1.661046830324960    -1.663592227169730
    -2.881426260081121    -1.663592227169730    -3.876062158306401
13 7
    -0.896961801561561    -0.000000000000000     0.000000000000000
    -0.000000000000000    -3.953301916615158     3.327184454339460
     0.000000000000000     3.327184454339460    -3.876062158306401
13 8
     0.026521716692254    -0.019649478742837     0.029085332079964
    -0.019649478742837     0.049210982163023     0.016792423111590
     0.029085332079964     0.016792423111590    -0.100190898090595
13 9
     0.026521716692254     0.019649478742837    -0.029085332079964
     0.019649478742837     0.049210982163023     0.016792423111590
    -0.029085332079964     0.016792423111590    -0.100190898090595
13 10
     0.102997917871619     0.267843947896200    -0.241531013314917
     0.288868872983975    -0.218420379278980    -0.221517062550236
    -0.312604909164497    -0.098413463565559     0.503989022834177
13 11
    -0.059839146096264    -0.000000000000000     0.000000000000000
    -0.000000000000000    -0.059839146096264     0.000000000000000
    -0.000000000000000    -0.000000000000000     0.055084084929987
13 12
     0.102997917871619    -0.267843947896200     0.241531013314917
    -0.288868872983975    -0.218420379278980    -0.221517062550236
     0.312604909164497    -0.098413463565559     0.503989022834177
13 13
     8.152651319291770     0.000000000000000     0.000000000000000
     0.000000000000000     8.152651319291770     0.000000000000000
     0.000000000000000     0.000000000000000     9.663774804573126
13 14
    -0.379129527854280     0.010512461011114     0.071073895849581
    -0.010512461011114     0.263707066446919     0.319930526115795
    -0.071073895849581     0.319930526115795     0.503989022834177
13 15
    -0.379129527854280    -0.010512461011114    -0.071073895849581
     0.010512461011114     0.263707066446919     0.319930526115795
     0.071073895849581     0.319930526115795     0.503989022834177
13 16
     0.102997917871619     0.288868872983975    -0.312604909164497
     0.267843947896200    -0.218420379278980    -0.098413463565559
    -0.241531013314917    -0.221517062550236     0.503989022834177
13 17
     0.102997917871619    -0.288868872983975     0.312604909164497
    -0.267843947896200    -0.218420379278980    -0.098413463565559
     0.241531013314917    -0.221517062550236     0.503989022834177
13 18
    -0.059839146096264    -0.000000000000000    -0.000000000000000
    -0.000000000000000    -0.059839146096264    -0.000000000000000
     0.000000000000000     0.000000000000000     0.055084084929987
14 1
     0.060555613365634     0.000000000000000    -0.000000000000000
     0.000000000000000     0.015177085489643    -0.033584849288726
    -0.000000000000000    -0.033584849288726    -0.100190898090595
14 2
    -0.140524115790694     0.059661503806796     0.119274124408858
     0.059661503806796    -0.209415287341544     0.068862947064084
     0.119274124408858     0.068862947064084    -0.289705981770908
14 3
    -0.140524115790694    -0.059661503806796    -0.119274124408858
    -0.059661503806796    -0.209415287341544     0.068862947064084
    -0.119274124408858     0.068862947064084    -0.289705981770908
14 4
    -3.189216887851758    -1.323434090893778    -2.881426260081121
    -1.323434090893778    -1.661046830324960    -1.663592227169730
    -2.881426260081121    -1.663592227169730    -3.876062158306401
14 5
    -3.189216887851758     1.323434090893778     2.881426260081121
     1.323434090893778    -1.661046830324960    -1.663592227169730
     2.881426260081121    -1.663592227169730    -3.876062158306401
14 6
    -0.243860871584195    -0.000000000000000    -0.000000000000000
    -0.000000000000000    -0.106078531548042    -0.137725894128168
    -0.000000000000000    -0.137725894128168    -0.289705981770908
14 7
     0.026521716692254     0.019649478742837    -0.029085332079964
     0.019649478742837     0.049210982163023     0.016792423111590
    -0.029085332079964     0.016792423111590    -0.100190898090595
14 8
    -0.896961801561561    -0.000000000000000     0.000000000000000
    -0.000000000000000    -3.953301916615158     3.327184454339460
     0.000000000000000     3.327184454339460    -3.876062158306401
14 9
     0.026521716692254    -0.019649478742837     0.029085332079964
    -0.019649478742837     0.049210982163023     0.016792423111590
     0.029085332079964     0.016792423111590    -0.100190898090595
14 10
     0.102997917871619    -0.267843947896200     0.241531013314917
    -0.288868872983975    -0.218420379278980    -0.221517062550236
     0.312604909164497    -0.098413463565559     0.503989022834177
14 11
     0.102997917871619     0.267843947896200    -0.241531013314917
     0.288868872983975    -0.218420379278980    -0.221517062550236
    -0.312604909164497    -0.098413463565559     0.503989022834177
14 12
    -0.059839146096264    -0.000000000000000     0.000000000000000
    -0.000000000000000    -0.059839146096264     0.000000000000000
    -0.000000000000000    -0.000000000000000     0.055084084929987
14 13
    -0.379129527854280    -0.010512461011114    -0.071073895849581
     0.010512461011114     0.263707066446919     0.319930526115795
     0.071073895849581     0.319930526115795     0.503989022834177
14 14
     8.152651319291770     0.000000000000000     0.000000000000000
     0.000000000000000     8.152651319291770     0.000000000000000
     0.000000000000000     0.000000000000000     9.663774804573126
14 15
    -0.379129527854280     0.010512461011114     0.071073895849581
    -0.010512461011114     0.263707066446919     0.319930526115795
    -0.071073895849581     0.319930526115795     0.503989022834177
14 16
    -0.059839146096264    -0.000000000000000    -0.000000000000000
    -0.000000000000000    -0.059839146096264    -0.000000000000000
     0.000000000000000     0.000000000000000     0.055084084929987
14 17
     0.102997917871619     0.288868872983975    -0.312604909164497
     0.267843947896200    -0.218420379278980    -0.098413463565559
    -0.241531013314917    -0.221517062550236     0.503989022834177
14 18
     0.102997917871619    -0.288868872983975     0.312604909164497
    -0.267843947896200    -0.218420379278980    -0.098413463565559
     0.241531013314917    -0.221517062550236     0.503989022834177
15 1
    -0.140524115790694    -0.059661503806796    -0.119274124408858
    -0.059661503806796    -0.209415287341544     0.068862947064084
    -0.119274124408858     0.068862947064084    -0.289705981770908
15 2
     0.060555613365634     0.000000000000000    -0.000000000000000
     0.000000000000000     0.015177085489643    -0.033584849288726
    -0.000000000000000    -0.033584849288726    -0.100190898090595
15 3
    -0.140524115790694     0.059661503806796     0.119274124408858
     0.059661503806796    -0.209415287341544     0.068862947064084
     0.119274124408858     0.068862947064084    -0.289705981770908
15 4
    -0.243860871584195    -0.000000000000000    -0.000000000000000
    -0.000000000000000    -0.106078531548042    -0.137725894128168
    -0.000000000000000    -0.137725894128168    -0.289705981770908
15 5
    -3.189216887851758    -1.323434090893778    -2.881426260081121
    -1.323434090893778    -1.661046830324960    -1.663592227169730
    -2.881426260081121    -1.663592227169730    -3.876062158306401
15 6
    -3.189216887851758     1.323434090893778     2.881426260081121
     1.323434090893778    -1.661046830324960    -1.663592227169730
     2.881426260081121    -1.663592227169730    -3.876062158306401
15 7
     0.026521716692254    -0.019649478742837     0.029085332079964
    -0.019649478742837     0.049210982163023     0.016792423111590
     0.029085332079964     0.016792423111590    -0.100190898090595
15 8
     0.026521716692254     0.019649478742837    -0.029085332079964
     0.019649478742837     0.049210982163023     0.016792423111590
    -0.029085332079964     0.016792423111590    -0.100190898090595
15 9
    -0.896961801561561    -0.000000000000000     0.000000000000000
    -0.000000000000000    -3.953301916615158     3.327184454339460
     0.000000000000000     3.327184454339460    -3.876062158306401
15 10
    -0.059839146096264    -0.000000000000000     0.000000000000000
    -0.000000000000000    -0.059839146096264     0.000000000000000
    -0.000000000000000    -0.000000000000000     0.055084084929987
15 11
     0.102997917871619    -0.267843947896200     0.241531013314917
    -0.288868872983975    -0.218420379278980    -0.221517062550236
     0.312604909164497    -0.098413463565559     0.503989022834177
15 12
     0.102997917871619     0.267843947896200    -0.241531013314917
     0.288868872983975    -0.218420379278980    -0.221517062550236
    -0.312604909164497    -0.098413463565559     0.503989022834177
15 13
    -0.379129527854280     0.010512461011114     0.071073895849581
    -0.010512461011114     0.263707066446919     0.319930526115795
    -0.071073895849581     0.319930526115795     0.503989022834177
15 14
    -0.379129527854280    -0.010512461011114    -0.071073895849581
     0.010512461011114     0.263707066446919     0.319930526115795
     0.071073895849581     0.319930526115795     0.503989022834177
15 15
     8.152651319291770     0.000000000000000     0.000000000000000
     0.000000000000000     8.152651319291770     0.000000000000000
     0.000000000000000     0.000000000000000     9.663774804573126
15 16
     0.102997917871619    -0.288868872983975     0.312604909164497
    -0.267843947896200    -0.218420379278980    -0.098413463565559
     0.241531013314917    -0.221517062550236     0.503989022834177
15 17
    -0.059839146096264    -0.000000000000000    -0.000000000000000
    -0.000000000000000    -0.059839146096264    -0.000000000000000
     0.000000000000000     0.000000000000000     0.055084084929987
15 18
     0.102997917871619     0.288868872983975    -0.312604909164497
     0.267843947896200    -0.218420379278980    -0.098413463565559
    -0.241531013314917    -0.221517062550236     0.503989022834177
16 1
    -0.896961801561561    -0.000000000000000     0.000000000000000
    -0.000000000000000    -3.953301916615158     3.327184454339460
     0.000000000000000     3.327184454339460    -3.876062158306401
16 2
     0.026521716692254    -0.019649478742837     0.029085332079964
    -0.019649478742837     0.049210982163023     0.016792423111590
     0.029085332079964     0.016792423111590    -0.100190898090595
16 3
     0.026521716692254     0.019649478742837    -0.029085332079964
     0.019649478742837     0.049210982163023     0.016792423111590
    -0.029085332079964     0.016792423111590    -0.100190898090595
16 4
    -0.140524115790694     0.059661503806796     0.119274124408858
     0.059661503806796    -0.209415287341544     0.068862947064084
     0.119274124408858     0.068862947064084    -0.289705981770908
16 5
    -0.140524115790694    -0.059661503806796    -0.119274124408858
    -0.059661503806796    -0.209415287341544     0.068862947064084
    -0.119274124408858     0.068862947064084    -0.289705981770908
16 6
     0.060555613365634     0.000000000000000    -0.000000000000000
     0.000000000000000     0.015177085489643    -0.033584849288726
    -0.000000000000000    -0.033584849288726    -0.100190898090595
16 7
    -3.189216887851758     1.323434090893778     2.881426260081121
     1.323434090893778    -1.661046830324960    -1.663592227169730
     2.881426260081121    -1.663592227169730    -3.876062158306401
16 8
    -0.243860871584195    -0.000000000000000    -0.000000000000000
    -0.000000000000000    -0.106078531548042    -0.137725894128168
    -0.000000000000000    -0.137725894128168    -0.289705981770908
16 9
    -3.189216887851758    -1.323434090893778    -2.881426260081121
    -1.323434090893778    -1.661046830324960    -1.663592227169730
    -2.881426260081121    -1.663592227169730    -3.876062158306401
16 10
     0.102997917871619     0.288868872983975    -0.312604909164497
     0.267843947896200    -0.218420379278980    -0.098413463565559
    -0.241531013314917    -0.221517062550236     0.503989022834177
16 11
     0.102997917871619    -0.288868872983975     0.312604909164497
    -0.267843947896200    -0.218420379278980    -0.098413463565559
     0.241531013314917    -0.221517062550236     0.503989022834177
16 12
    -0.059839146096264    -0.000000000000000    -0.000000000000000
    -0.000000000000000    -0.059839146096264    -0.000000000000000
     0.000000000000000     0.000000000000000     0.055084084929987
16 13
     0.102997917871619     0.267843947896200    -0.241531013314917
     0.288868872983975    -0.218420379278980    -0.221517062550236
    -0.312604909164497    -0.098413463565559     0.503989022834177
16 14
    -0.059839146096264    -0.000000000000000     0.000000000000000
    -0.000000000000000    -0.059839146096264     0.000000000000000
    -0.000000000000000    -0.000000000000000     0.055084084929987
16 15
     0.102997917871619    -0.267843947896200     0.241531013314917
    -0.288868872983975    -0.218420379278980    -0.221517062550236
     0.312604909164497    -0.098413463565559     0.503989022834177
16 16
     8.152651319291770     0.000000000000000     0.000000000000000
     0.000000000000000     8.152651319291770     0.000000000000000
     0.000000000000000     0.000000000000000     9.663774804573126
16 17
    -0.379129527854280     0.010512461011114     0.071073895849581
    -0.010512461011114     0.263707066446919     0.319930526115795
    -0.071073895849581     0.319930526115795     0.503989022834177
16 18
    -0.379129527854280    -0.010512461011114    -0.071073895849581
     0.010512461011114     0.263707066446919     0.319930526115795
     0.071073895849581     0.319930526115795     0.503989022834177
17 1
     0.026521716692254     0.019649478742837    -0.029085332079964
     0.019649478742837     0.049210982163023     0.016792423111590
    -0.029085332079964     0.016792423111590    -0.100190898090595
17 2
    -0.896961801561561    -0.000000000000000     0.000000000000000
    -0.000000000000000    -3.953301916615158     3.327184454339460
     0.000000000000000     3.327184454339460    -3.876062158306401
17 3
     0.026521716692254    -0.019649478742837     0.029085332079964
    -0.019649478742837     0.049210982163023     0.016792423111590
     0.029085332079964     0.016792423111590    -0.100190898090595
17 4
     0.060555613365634     0.000000000000000    -0.000000000000000
     0.000000000000000     0.015177085489643    -0.033584849288726
    -0.000000000000000    -0.033584849288726    -0.100190898090595
17 5
    -0.140524115790694     0.059661503806796     0.119274124408858
     0.059661503806796    -0.209415287341544     0.068862947064084
     0.119274124408858     0.068862947064084    -0.289705981770908
17 6
    -0.140524115790694    -0.059661503806796    -0.119274124408858
    -0.059661503806796    -0.209415287341544     0.068862947064084
    -0.119274124408858     0.068862947064084    -0.289705981770908
17 7
    -3.189216887851758    -1.323434090893778    -2.881426260081121
    -1.323434090893778    -1.661046830324960    -1.663592227169730
    -2.881426260081121    -1.663592227169730    -3.876062158306401
17 8
    -3.189216887851758     1.323434090893778     2.881426260081121
     1.323434090893778    -1.661046830324960    -1.663592227169730
     2.881426260081121    -1.663592227169730    -3.876062158306401
17 9
    -0.243860871584195    -0.000000000000000    -0.000000000000000
    -0.000000000000000    -0.106078531548042    -0.137725894128168
    -0.000000000000000    -0.137725894128168    -0.289705981770908
17 10
    -0.059839146096264    -0.000000000000000    -0.000000000000000
    -0.000000000000000    -0.059839146096264    -0.000000000000000
     0.000000000000000     0.000000000000000     0.055084084929987
17 11
     0.102997917871619     0.288868872983975    -0.312604909164497
     0.267843947896200    -0.218420379278980    -0.098413463565559
    -0.241531013314917    -0.221517062550236     0.503989022834177
17 12
     0.102997917871619    -0.288868872983975     0.312604909164497
    -0.267843947896200    -0.218420379278980    -0.098413463565559
     0.241531013314917    -0.221517062550236     0.503989022834177
17 13
     0.102997917871619    -0.267843947896200     0.241531013314917
    -0.288868872983975    -0.218420379278980    -0.221517062550236
     0.312604909164497    -0.098413463565559     0.503989022834177
17 14
     0.102997917871619     0.267843947896200    -0.241531013314917
     0.288868872983975    -0.218420379278980    -0.221517062550236
    -0.312604909164497    -0.098413463565559     0.503989022834177
17 15
    -0.059839146096264    -0.000000000000000     0.000000000000000
    -0.000000000000000    -0.059839146096264     0.000000000000000
    -0.000000000000000    -0.000000000000000     0.055084084929987
17 16
    -0.379129527854280    -0.010512461011114    -0.071073895849581
     0.010512461011114     0.263707066446919     0.319930526115795
     0.071073895849581     0.319930526115795     0.503989022834177
17 17
     8.152651319291770     0.000000000000000     0.000000000000000
     0.000000000000000     8.152651319291770     0.000000000000000
     0.000000000000000     0.000000000000000     9.663774804573126
17 18
    -0.379129527854280     0.010512461011114     0.071073895849581
    -0.010512461011114     0.263707066446919     0.319930526115795
    -0.071073895849581     0.319930526115795     0.503989022834177
18 1
     0.026521716692254    -0.019649478742837     0.029085332079964
    -0.019649478742837     0.049210982163023     0.016792423111590
     0.029085332079964     0.016792423111590    -0.100190898090595
18 2
     0.026521716692254     0.019649478742837    -0.029085332079964
     0.019649478742837     0.049210982163023     0.016792423111590
    -0.029085332079964     0.016792423111590    -0.100190898090595
18 3
    -0.896961801561561    -0.000000000000000     0.000000000000000
    -0.000000000000000    -3.953301916615158     3.327184454339460
     0.000000000000000     3.327184454339460    -3.876062158306401
18 4
    -0.140524115790694    -0.059661503806796    -0.119274124408858
    -0.059661503806796    -0.209415287341544     0.068862947064084
    -0.119274124408858     0.068862947064084    -0.289705981770908
18 5
     0.060555613365634     0.000000000000000    -0.000000000000000
     0.000000000000000     0.015177085489643    -0.033584849288726
    -0.000000000000000    -0.033584849288726    -0.100190898090595
18 6
    -0.140524115790694     0.059661503806796     0.119274124408858
     0.059661503806796    -0.209415287341544     0.068862947064084
     0.119274124408858     0.068862947064084    -0.289705981770908
18 7
    -0.243860871584195    -0.000000000000000    -0.000000000000000
    -0.000000000000000    -0.106078531548042    -0.137725894128168
    -0.000000000000000    -0.137725894128168    -0.289705981770908
18 8
    -3.189216887851758    -1.323434090893778    -2.881426260081121
    -1.323434090893778    -1.661046830324960    -1.663592227169730
    -2.881426260081121    -1.663592227169730    -3.876062158306401
18 9
    -3.189216887851758     1.323434090893778     2.881426260081121
     1.323434090893778    -1.661046830324960    -1.663592227169730
     2.881426260081121    -1.663592227169730    -3.876062158306401
18 10
     0.102997917871619    -0.288868872983975     0.312604909164497
    -0.267843947896200    -0.218420379278980    -0.098413463565559
     0.241531013314917    -0.221517062550236     0.503989022834177
18 11
    -0.059839146096264    -0.000000000000000    -0.000000000000000
    -0.000000000000000    -0.059839146096264    -0.000000000000000
     0.000000000000000     0.000000000000000     0.055084084929987
18 12
     0.102997917871619     0.288868872983975    -0.312604909164497
     0.267843947896200    -0.218420379278980    -0.098413463565559
    -0.241531013314917    -0.221517062550236     0.503989022834177
18 13
    -0.059839146096264    -0.000000000000000     0.000000000000000
    -0.000000000000000    -0.059839146096264     0.000000000000000
    -0.000000000000000    -0.000000000000000     0.055084084929987
18 14
     0.102997917871619    -0.267843947896200     0.241531013314917
    -0.288868872983975    -0.218420379278980    -0.221517062550236
     0.312604909164497    -0.098413463565559     0.503989022834177
18 15
     0.102997917871619     0.267843947896200    -0.241531013314917
     0.288868872983975    -0.218420379278980    -0.221517062550236
    -0.312604909164497    -0.098413463565559     0.503989022834177
18 16
    -0.379129527854280     0.010512461011114     0.071073895849581
    -0.010512461011114     0.263707066446919     0.319930526115795
    -0.071073895849581     0.319930526115795     0.503989022834177
18 17
    -0.379129527854280    -0.010512461011114    -0.071073895849581
     0.010512461011114     0.263707066446919     0.319930526115795
     0.071073895849581     0.319930526115795     0.503989022834177
18 18
     8.152651319291770     0.000000000000000     0.000000000000000
     0.000000000000000     8.152651319291770     0.000000000000000
     0.000000000000000     0.000000000000000     9.663774804573126