  18   18
1 1
    32.234583523068622     0.000000000000000     0.000000000000000
     0.000000000000000    32.234583523068622    -0.000000000000000
     0.000000000000000    -0.000000000000000    21.425468239004051
1 2
    -3.788259316663405    -0.930474871937141    -1.096893935447812
     0.930474871937141     1.401496026586736     1.071939549328404
     1.096893935447812     1.071939549328404     1.390898036467207
1 3
    -3.788259316663405     0.930474871937141     1.096893935447812
    -0.930474871937141     1.401496026586736     1.071939549328404
    -1.096893935447812     1.071939549328404     1.390898036467207
1 4
     0.104057190344547     1.316755111132320    -0.379879913163028
     3.177704855579474    -2.490820480994088    -1.485907788115900
    -1.476773849183712     0.413968238787496     1.390898036467207
1 5
     0.104057190344547    -1.316755111132320     0.379879913163028
    -3.177704855579474    -2.490820480994088    -1.485907788115900
     1.476773849183712     0.413968238787496     1.390898036467207
1 6
    -0.160697372546569    -0.000000000000000    -0.000000000000000
    -0.000000000000000    -0.160697372546569    -0.000000000000000
    -0.000000000000000     0.000000000000000     0.035900867458900
1 7
     0.104057190344547     3.177704855579474    -1.476773849183712
     1.316755111132320    -2.490820480994088     0.413968238787496
    -0.379879913163028    -1.485907788115900     1.390898036467207
1 8
    -0.160697372546569    -0.000000000000000    -0.000000000000000
    -0.000000000000000    -0.160697372546569     0.000000000000000
    -0.000000000000000    -0.000000000000000     0.035900867458900
1 9
     0.104057190344547    -3.177704855579474     1.476773849183712
    -1.316755111132320    -2.490820480994088     0.413968238787496
     0.379879913163028    -1.485907788115900     1.390898036467207
1 10
    -7.316913512674176    -0.151221354550831     3.961350673183044
    -0.151221354550831    -7.491528892060435    -2.287086877774639
     3.961350673183044    -2.287086877774639    -9.077668315447836
1 11
    -7.316913512674176     0.151221354550831    -3.961350673183044
     0.151221354550831    -7.491528892060435    -2.287086877774639
    -3.961350673183044    -2.287086877774639    -9.077668315447836
1 12
    -1.278542701101486     0.000000000000000    -0.000000000000000
     0.000000000000000    -0.447667341419191    -0.342825149141815
    -0.000000000000000    -0.342825149141815    -0.772666424194211
1 13
    -0.655386181482983     0.359779584443245     0.296895288094603
     0.359779584443245    -1.070823861610566     0.171412574570907
     0.296895288094603     0.171412574570907    -0.772666424194211
1 14
     0.242716359398472    -0.000000000000000    -0.000000000000000
    -0.000000000000000    -0.209996515588217    -0.263338419271385
    -0.000000000000000    -0.263338419271385    -0.097217991075358
1 15
    -0.655386181482983    -0.359779584443245    -0.296895288094603
    -0.359779584443245    -1.070823861610566     0.171412574570907
    -0.296895288094603     0.171412574570907    -0.772666424194211
1 16
    -7.578836581753565    -0.000000000000000     0.000000000000000
    -0.000000000000000    -7.229605822981048     4.574173754976406
     0.000000000000000     4.574173754976406    -9.077668315447836
1 17
    -0.096818296555109     0.196030425309210    -0.228057760809940
     0.196030425309210     0.129538140365364     0.131669209349256
    -0.228057760809940     0.131669209349256    -0.097217991075358
1 18
    -0.096818296555109    -0.196030425309210     0.228057760809940
    -0.196030425309210     0.129538140365364     0.131669209349256
     0.228057760809940     0.131669209349256    -0.097217991075358
2 1
    -3.788259316663405     0.930474871937141     1.096893935447812
    -0.930474871937141     1.401496026586736     1.071939549328404
    -1.096893935447812     1.071939549328404     1.390898036467207
2 2
    32.234583523068622     0.000000000000000     0.000000000000000
     0.000000000000000    32.234583523068622    -0.000000000000000
     0.000000000000000    -0.000000000000000    21.425468239004051
2 3
    -3.788259316663405    -0.930474871937141    -1.096893935447812
     0.930474871937141     1.401496026586736     1.071939549328404
     1.096893935447812     1.071939549328404     1.390898036467207
2 4
    -0.160697372546569    -0.000000000000000    -0.000000000000000
    -0.000000000000000    -0.160697372546569    -0.000000000000000
    -0.000000000000000     0.000000000000000     0.035900867458900
2 5
     0.104057190344547     1.316755111132320    -0.379879913163028
     3.177704855579474    -2.490820480994088    -1.485907788115900
    -1.476773849183712     0.413968238787496     1.390898036467207
2 6
     0.104057190344547    -1.316755111132320     0.379879913163028
    -3.177704855579474    -2.490820480994088    -1.485907788115900
     1.476773849183712     0.413968238787496     1.390898036467207
2 7
     0.104057190344547    -3.177704855579474     1.476773849183712
    -1.316755111132320    -2.490820480994088     0.413968238787496
     0.379879913163028    -1.485907788115900     1.390898036467207
2 8
     0.104057190344547     3.177704855579474    -1.476773849183712
     1.316755111132320    -2.490820480994088     0.413968238787496
    -0.379879913163028    -1.485907788115900     1.390898036467207
2 9
    -0.160697372546569    -0.000000000000000    -0.000000000000000
    -0.000000000000000    -0.160697372546569     0.000000000000000
    -0.000000000000000    -0.000000000000000     0.035900867458900
2 10
    -1.278542701101486     0.000000000000000    -0.000000000000000
     0.000000000000000    -0.447667341419191    -0.342825149141815
    -0.000000000000000    -0.342825149141815    -0.772666424194211
2 11
    -7.316913512674176    -0.151221354550831     3.961350673183044
    -0.151221354550831    -7.491528892060435    -2.287086877774639
     3.961350673183044    -2.287086877774639    -9.077668315447836
2 12
    -7.316913512674176     0.151221354550831    -3.961350673183044
     0.151221354550831    -7.491528892060435    -2.287086877774639
    -3.961350673183044    -2.287086877774639    -9.077668315447836
2 13
    -0.655386181482983    -0.359779584443245    -0.296895288094603
    -0.359779584443245    -1.070823861610566     0.171412574570907
    -0.296895288094603     0.171412574570907    -0.772666424194211
2 14
    -0.655386181482983     0.359779584443245     0.296895288094603
     0.359779584443245    -1.070823861610566     0.171412574570907
     0.296895288094603     0.171412574570907    -0.772666424194211
2 15
     0.242716359398472    -0.000000000000000    -0.000000000000000
    -0.000000000000000    -0.209996515588217    -0.263338419271385
    -0.000000000000000    -0.263338419271385    -0.097217991075358
2 16
    -0.096818296555109    -0.196030425309210     0.228057760809940
    -0.196030425309210     0.129538140365364     0.131669209349256
     0.228057760809940     0.131669209349256    -0.097217991075358
2 17
    -7.578836581753565    -0.000000000000000     0.000000000000000
    -0.000000000000000    -7.229605822981048     4.574173754976406
     0.000000000000000     4.574173754976406    -9.077668315447836
2 18
    -0.096818296555109     0.196030425309210    -0.228057760809940
     0.196030425309210     0.129538140365364     0.131669209349256
    -0.228057760809940     0.131669209349256    -0.097217991075358
3 1
    -3.788259316663405    -0.930474871937141    -1.096893935447812
     0.930474871937141     1.401496026586736     1.071939549328404
     1.096893935447812     1.071939549328404     1.390898036467207
3 2
    -3.788259316663405     0.930474871937141     1.096893935447812
    -0.930474871937141     1.401496026586736     1.071939549328404
    -1.096893935447812     1.071939549328404     1.390898036467207
3 3
    32.234583523068622     0.000000000000000     0.000000000000000
     0.000000000000000    32.234583523068622    -0.000000000000000
     0.000000000000000    -0.000000000000000    21.425468239004051
3 4
     0.104057190344547    -1.316755111132320     0.379879913163028
    -3.177704855579474    -2.490820480994088    -1.485907788115900
     1.476773849183712     0.413968238787496     1.390898036467207
3 5
    -0.160697372546569    -0.000000000000000    -0.000000000000000
    -0.000000000000000    -0.160697372546569    -0.000000000000000
    -0.000000000000000     0.000000000000000     0.035900867458900
3 6
     0.104057190344547     1.316755111132320    -0.379879913163028
     3.177704855579474    -2.490820480994088    -1.485907788115900
    -1.476773849183712     0.413968238787496     1.390898036467207
3 7
    -0.160697372546569    -0.000000000000000    -0.000000000000000
    -0.000000000000000    -0.160697372546569     0.000000000000000
    -0.000000000000000    -0.000000000000000     0.035900867458900
3 8
     0.104057190344547    -3.177704855579474     1.476773849183712
    -1.316755111132320    -2.490820480994088     0.413968238787496
     0.379879913163028    -1.485907788115900     1.390898036467207
3 9
     0.104057190344547     3.177704855579474    -1.476773849183712
     1.316755111132320    -2.490820480994088     0.413968238787496
    -0.379879913163028    -1.485907788115900     1.390898036467207
3 10
    -7.316913512674176     0.151221354550831    -3.961350673183044
     0.151221354550831    -7.491528892060435    -2.287086877774639
    -3.961350673183044    -2.287086877774639    -9.077668315447836
3 11
    -1.278542701101486     0.000000000000000    -0.000000000000000
     0.000000000000000    -0.447667341419191    -0.342825149141815
    -0.000000000000000    -0.342825149141815    -0.772666424194211
3 12
    -7.316913512674176    -0.151221354550831     3.961350673183044
    -0.151221354550831    -7.491528892060435    -2.287086877774639
     3.961350673183044    -2.287086877774639    -9.077668315447836
3 13
     0.242716359398472    -0.000000000000000    -0.000000000000000
    -0.000000000000000    -0.209996515588217    -0.263338419271385
    -0.000000000000000    -0.263338419271385    -0.097217991075358
3 14
    -0.655386181482983    -0.359779584443245    -0.296895288094603
    -0.359779584443245    -1.070823861610566     0.171412574570907
    -0.296895288094603     0.171412574570907    -0.772666424194211
3 15
    -0.655386181482983     0.359779584443245     0.296895288094603
     0.359779584443245    -1.070823861610566     0.171412574570907
     0.296895288094603     0.171412574570907    -0.772666424194211
3 16
    -0.096818296555109     0.196030425309210    -0.228057760809940
     0.196030425309210     0.129538140365364     0.131669209349256
    -0.228057760809940     0.131669209349256    -0.097217991075358
3 17
    -0.096818296555109    -0.196030425309210     0.228057760809940
    -0.196030425309210     0.129538140365364     0.131669209349256
     0.228057760809940     0.131669209349256    -0.097217991075358
3 18
    -7.578836581753565    -0.000000000000000     0.000000000000000
    -0.000000000000000    -7.229605822981048     4.574173754976406
     0.000000000000000     4.574173754976406    -9.077668315447836
4 1
     0.104057190344547     3.177704855579474    -1.476773849183712
     1.316755111132320    -2.490820480994088     0.413968238787496
    -0.379879913163028    -1.485907788115900     1.390898036467207
4 2
    -0.160697372546569    -0.000000000000000    -0.000000000000000
    -0.000000000000000    -0.160697372546569     0.000000000000000
    -0.000000000000000    -0.000000000000000     0.035900867458900
4 3
     0.104057190344547    -3.177704855579474     1.476773849183712
    -1.316755111132320    -2.490820480994088     0.413968238787496
     0.379879913163028    -1.485907788115900     1.390898036467207
4 4
    32.234583523068622     0.000000000000000     0.000000000000000
     0.000000000000000    32.234583523068622    -0.000000000000000
     0.000000000000000    -0.000000000000000    21.425468239004051
4 5
    -3.788259316663405    -0.930474871937141    -1.096893935447812
     0.930474871937141     1.401496026586736     1.071939549328404
     1.096893935447812     1.071939549328404     1.390898036467207
4 6
    -3.788259316663405     0.930474871937141     1.096893935447812
    -0.930474871937141     1.401496026586736     1.071939549328404
    -1.096893935447812     1.071939549328404     1.390898036467207
4 7
     0.104057190344547     1.316755111132320    -0.379879913163028
     3.177704855579474    -2.490820480994088    -1.485907788115900
    -1.476773849183712     0.413968238787496     1.390898036467207
4 8
     0.104057190344547    -1.316755111132320     0.379879913163028
    -3.177704855579474    -2.490820480994088    -1.485907788115900
     1.476773849183712     0.413968238787496     1.390898036467207
4 9
    -0.160697372546569    -0.000000000000000    -0.000000000000000
    -0.000000000000000    -0.160697372546569    -0.000000000000000
    -0.000000000000000     0.000000000000000     0.035900867458900
4 10
    -7.578836581753565    -0.000000000000000     0.000000000000000
    -0.000000000000000    -7.229605822981048     4.574173754976406
     0.000000000000000     4.574173754976406    -9.077668315447836
4 11
    -0.096818296555109     0.196030425309210    -0.228057760809940
     0.196030425309210     0.129538140365364     0.131669209349256
    -0.228057760809940     0.131669209349256    -0.097217991075358
4 12
    -0.096818296555109    -0.196030425309210     0.228057760809940
    -0.196030425309210     0.129538140365364     0.131669209349256
     0.228057760809940     0.131669209349256    -0.097217991075358
4 13
    -7.316913512674176    -0.151221354550831     3.961350673183044
    -0.151221354550831    -7.491528892060435    -2.287086877774639
     3.961350673183044    -2.287086877774639    -9.077668315447836
4 14
    -7.316913512674176     0.151221354550831    -3.961350673183044
     0.151221354550831    -7.491528892060435    -2.287086877774639
    -3.961350673183044    -2.287086877774639    -9.077668315447836
4 15
    -1.278542701101486     0.000000000000000    -0.000000000000000
     0.000000000000000    -0.447667341419191    -0.342825149141815
    -0.000000000000000    -0.342825149141815    -0.772666424194211
4 16
    -0.655386181482983     0.359779584443245     0.296895288094603
     0.359779584443245    -1.070823861610566     0.171412574570907
     0.296895288094603     0.171412574570907    -0.772666424194211
4 17
     0.242716359398472    -0.000000000000000    -0.000000000000000
    -0.000000000000000    -0.209996515588217    -0.263338419271385
    -0.000000000000000    -0.263338419271385    -0.097217991075358
4 18
    -0.655386181482983    -0.359779584443245    -0.296895288094603
    -0.359779584443245    -1.070823861610566     0.171412574570907
    -0.296895288094603     0.171412574570907    -0.772666424194211
5 1
     0.104057190344547    -3.177704855579474     1.476773849183712
    -1.316755111132320    -2.490820480994088     0.413968238787496
     0.379879913163028    -1.485907788115900     1.390898036467207
5 2
     0.104057190344547     3.177704855579474    -1.476773849183712
     1.316755111132320    -2.490820480994088     0.413968238787496
    -0.379879913163028    -1.485907788115900     1.390898036467207
5 3
    -0.160697372546569    -0.000000000000000    -0.000000000000000
    -0.000000000000000    -0.160697372546569     0.000000000000000
    -0.000000000000000    -0.000000000000000     0.035900867458900
5 4
    -3.788259316663405     0.930474871937141     1.096893935447812
    -0.930474871937141     1.401496026586736     1.071939549328404
    -1.096893935447812     1.071939549328404     1.390898036467207
5 5
    32.234583523068622     0.000000000000000     0.000000000000000
     0.000000000000000    32.234583523068622    -0.000000000000000
     0.000000000000000    -0.000000000000000    21.425468239004051
5 6
    -3.788259316663405    -0.930474871937141    -1.096893935447812
     0.930474871937141     1.401496026586736     1.071939549328404
     1.096893935447812     1.071939549328404     1.390898036467207
5 7
    -0.160697372546569    -0.000000000000000    -0.000000000000000
    -0.000000000000000    -0.160697372546569    -0.000000000000000
    -0.000000000000000     0.000000000000000     0.035900867458900
5 8
     0.104057190344547     1.316755111132320    -0.379879913163028
     3.177704855579474    -2.490820480994088    -1.485907788115900
    -1.476773849183712     0.413968238787496     1.390898036467207
5 9
     0.104057190344547    -1.316755111132320     0.379879913163028
    -3.177704855579474    -2.490820480994088    -1.485907788115900
     1.476773849183712     0.413968238787496     1.390898036467207
5 10
    -0.096818296555109    -0.196030425309210     0.228057760809940
    -0.196030425309210     0.129538140365364     0.131669209349256
     0.228057760809940     0.131669209349256    -0.097217991075358
5 11
    -7.578836581753565    -0.000000000000000     0.000000000000000
    -0.000000000000000    -7.229605822981048     4.574173754976406
     0.000000000000000     4.574173754976406    -9.077668315447836
5 12
    -0.096818296555109     0.196030425309210    -0.228057760809940
     0.196030425309210     0.129538140365364     0.131669209349256
    -0.228057760809940     0.131669209349256    -0.097217991075358
5 13
    -1.278542701101486     0.000000000000000    -0.000000000000000
     0.000000000000000    -0.447667341419191    -0.342825149141815
    -0.000000000000000    -0.342825149141815    -0.772666424194211
5 14
    -7.316913512674176    -0.151221354550831     3.961350673183044
    -0.151221354550831    -7.491528892060435    -2.287086877774639
     3.961350673183044    -2.287086877774639    -9.077668315447836
5 15
    -7.316913512674176     0.151221354550831    -3.961350673183044
     0.151221354550831    -7.491528892060435    -2.287086877774639
    -3.961350673183044    -2.287086877774639    -9.077668315447836
5 16
    -0.655386181482983    -0.359779584443245    -0.296895288094603
    -0.359779584443245    -1.070823861610566     0.171412574570907
    -0.296895288094603     0.171412574570907    -0.772666424194211
5 17
    -0.655386181482983     0.359779584443245     0.296895288094603
     0.359779584443245    -1.070823861610566     0.171412574570907
     0.296895288094603     0.171412574570907    -0.772666424194211
5 18
     0.242716359398472    -0.000000000000000    -0.000000000000000
    -0.000000000000000    -0.209996515588217    -0.263338419271385
    -0.000000000000000    -0.263338419271385    -0.097217991075358
6 1
    -0.160697372546569    -0.000000000000000    -0.000000000000000
    -0.000000000000000    -0.160697372546569     0.000000000000000
    -0.000000000000000    -0.000000000000000     0.035900867458900
6 2
     0.104057190344547    -3.177704855579474     1.476773849183712
    -1.316755111132320    -2.490820480994088     0.413968238787496
     0.379879913163028    -1.485907788115900     1.390898036467207
6 3
     0.104057190344547     3.177704855579474    -1.476773849183712
     1.316755111132320    -2.490820480994088     0.413968238787496
    -0.379879913163028    -1.485907788115900     1.390898036467207
6 4
    -3.788259316663405    -0.930474871937141    -1.096893935447812
     0.930474871937141     1.401496026586736     1.071939549328404
     1.096893935447812     1.071939549328404     1.390898036467207
6 5
    -3.788259316663405     0.930474871937141     1.096893935447812
    -0.930474871937141     1.401496026586736     1.071939549328404
    -1.096893935447812     1.071939549328404     1.390898036467207
6 6
    32.234583523068622     0.000000000000000     0.000000000000000
     0.000000000000000    32.234583523068622    -0.000000000000000
     0.000000000000000    -0.000000000000000    21.425468239004051
6 7
     0.104057190344547    -1.316755111132320     0.379879913163028
    -3.177704855579474    -2.490820480994088    -1.485907788115900
     1.476773849183712     0.413968238787496     1.390898036467207
6 8
    -0.160697372546569    -0.000000000000000    -0.000000000000000
    -0.000000000000000    -0.160697372546569    -0.000000000000000
    -0.000000000000000     0.000000000000000     0.035900867458900
6 9
     0.104057190344547     1.316755111132320    -0.379879913163028
     3.177704855579474    -2.490820480994088    -1.485907788115900
    -1.476773849183712     0.413968238787496     1.390898036467207
6 10
    -0.096818296555109     0.196030425309210    -0.228057760809940
     0.196030425309210     0.129538140365364     0.131669209349256
    -0.228057760809940     0.131669209349256    -0.097217991075358
6 11
    -0.096818296555109    -0.196030425309210     0.228057760809940
    -0.196030425309210     0.129538140365364     0.131669209349256
     0.228057760809940     0.131669209349256    -0.097217991075358
6 12
    -7.578836581753565    -0.000000000000000     0.000000000000000
    -0.000000000000000    -7.229605822981048     4.574173754976406
     0.000000000000000     4.574173754976406    -9.077668315447836
6 13
    -7.316913512674176     0.151221354550831    -3.961350673183044
     0.151221354550831    -7.491528892060435    -2.287086877774639
    -3.961350673183044    -2.287086877774639    -9.077668315447836
6 14
    -1.278542701101486     0.000000000000000    -0.000000000000000
     0.000000000000000    -0.447667341419191    -0.342825149141815
    -0.000000000000000    -0.342825149141815    -0.772666424194211
6 15
    -7.316913512674176    -0.151221354550831     3.961350673183044
    -0.151221354550831    -7.491528892060435    -2.287086877774639
     3.961350673183044    -2.287086877774639    -9.077668315447836
6 16
     0.242716359398472    -0.000000000000000    -0.000000000000000
    -0.000000000000000    -0.209996515588217    -0.263338419271385
    -0.000000000000000    -0.263338419271385    -0.097217991075358
6 17
    -0.655386181482983    -0.359779584443245    -0.296895288094603
    -0.359779584443245    -1.070823861610566     0.171412574570907
    -0.296895288094603     0.171412574570907    -0.772666424194211
6 18
    -0.655386181482983     0.359779584443245     0.296895288094603
     0.359779584443245    -1.070823861610566     0.171412574570907
     0.296895288094603     0.171412574570907    -0.772666424194211
7 1
     0.104057190344547     1.316755111132320    -0.379879913163028
     3.177704855579474    -2.490820480994088    -1.485907788115900
    -1.476773849183712     0.413968238787496     1.390898036467207
7 2
     0.104057190344547    -1.316755111132320     0.379879913163028
    -3.177704855579474    -2.490820480994088    -1.485907788115900
     1.476773849183712     0.413968238787496     1.390898036467207
7 3
    -0.160697372546569    -0.000000000000000    -0.000000000000000
    -0.000000000000000    -0.160697372546569    -0.000000000000000
    -0.000000000000000     0.000000000000000     0.035900867458900
7 4
     0.104057190344547     3.177704855579474    -1.476773849183712
     1.316755111132320    -2.490820480994088     0.413968238787496
    -0.379879913163028    -1.485907788115900     1.390898036467207
7 5
    -0.160697372546569    -0.000000000000000    -0.000000000000000
    -0.000000000000000    -0.160697372546569     0.000000000000000
    -0.000000000000000    -0.000000000000000     0.035900867458900
7 6
     0.104057190344547    -3.177704855579474     1.476773849183712
    -1.316755111132320    -2.490820480994088     0.413968238787496
     0.379879913163028    -1.485907788115900     1.390898036467207
7 7
    32.234583523068622     0.000000000000000     0.000000000000000
     0.000000000000000    32.234583523068622    -0.000000000000000
     0.000000000000000    -0.000000000000000    21.425468239004051
7 8
    -3.788259316663405    -0.930474871937141    -1.096893935447812
     0.930474871937141     1.401496026586736     1.071939549328404
     1.096893935447812     1.071939549328404     1.390898036467207
7 9
    -3.788259316663405     0.930474871937141     1.096893935447812
    -0.930474871937141     1.401496026586736     1.071939549328404
    -1.096893935447812     1.071939549328404     1.390898036467207
7 10
    -0.655386181482983     0.359779584443245     0.296895288094603
     0.359779584443245    -1.070823861610566     0.171412574570907
     0.296895288094603     0.171412574570907    -0.772666424194211
7 11
     0.242716359398472    -0.000000000000000    -0.000000000000000
    -0.000000000000000    -0.209996515588217    -0.263338419271385
    -0.000000000000000    -0.263338419271385    -0.097217991075358
7 12
    -0.655386181482983    -0.359779584443245    -0.296895288094603
    -0.359779584443245    -1.070823861610566     0.171412574570907
    -0.296895288094603     0.171412574570907    -0.772666424194211
7 13
    -7.578836581753565    -0.000000000000000     0.000000000000000
    -0.000000000000000    -7.229605822981048     4.574173754976406
     0.000000000000000     4.574173754976406    -9.077668315447836
7 14
    -0.096818296555109     0.196030425309210    -0.228057760809940
     0.196030425309210     0.129538140365364     0.131669209349256
    -0.228057760809940     0.131669209349256    -0.097217991075358
7 15
    -0.096818296555109    -0.196030425309210     0.228057760809940
    -0.196030425309210     0.129538140365364     0.131669209349256
     0.228057760809940     0.131669209349256    -0.097217991075358
7 16
    -7.316913512674176    -0.151221354550831     3.961350673183044
    -0.151221354550831    -7.491528892060435    -2.287086877774639
     3.961350673183044    -2.287086877774639    -9.077668315447836
7 17
    -7.316913512674176     0.151221354550831    -3.961350673183044
     0.151221354550831    -7.491528892060435    -2.287086877774639
    -3.961350673183044    -2.287086877774639    -9.077668315447836
7 18
    -1.278542701101486     0.000000000000000    -0.000000000000000
     0.000000000000000    -0.447667341419191    -0.342825149141815
    -0.000000000000000    -0.342825149141815    -0.772666424194211
8 1
    -0.160697372546569    -0.000000000000000    -0.000000000000000
    -0.000000000000000    -0.160697372546569    -0.000000000000000
    -0.000000000000000     0.000000000000000     0.035900867458900
8 2
     0.104057190344547     1.316755111132320    -0.379879913163028
     3.177704855579474    -2.490820480994088    -1.485907788115900
    -1.476773849183712     0.413968238787496     1.390898036467207
8 3
     0.104057190344547    -1.316755111132320     0.379879913163028
    -3.177704855579474    -2.490820480994088    -1.485907788115900
     1.476773849183712     0.413968238787496     1.390898036467207
8 4
     0.104057190344547    -3.177704855579474     1.476773849183712
    -1.316755111132320    -2.490820480994088     0.413968238787496
     0.379879913163028    -1.485907788115900     1.390898036467207
8 5
     0.104057190344547     3.177704855579474    -1.476773849183712
     1.316755111132320    -2.490820480994088     0.413968238787496
    -0.379879913163028    -1.485907788115900     1.390898036467207
8 6
    -0.160697372546569    -0.000000000000000    -0.000000000000000
    -0.000000000000000    -0.160697372546569     0.000000000000000
    -0.000000000000000    -0.000000000000000     0.035900867458900
8 7
    -3.788259316663405     0.930474871937141     1.096893935447812
    -0.930474871937141     1.401496026586736     1.071939549328404
    -1.096893935447812     1.071939549328404     1.390898036467207
8 8
    32.234583523068622     0.000000000000000     0.000000000000000
     0.000000000000000    32.234583523068622    -0.000000000000000
     0.000000000000000    -0.000000000000000    21.425468239004051
8 9
    -3.788259316663405    -0.930474871937141    -1.096893935447812
     0.930474871937141     1.401496026586736     1.071939549328404
     1.096893935447812     1.071939549328404     1.390898036467207
8 10
    -0.655386181482983    -0.359779584443245    -0.296895288094603
    -0.359779584443245    -1.070823861610566     0.171412574570907
    -0.296895288094603     0.171412574570907    -0.772666424194211
8 11
    -0.655386181482983     0.359779584443245     0.296895288094603
     0.359779584443245    -1.070823861610566     0.171412574570907
     0.296895288094603     0.171412574570907    -0.772666424194211
8 12
     0.242716359398472    -0.000000000000000    -0.000000000000000
    -0.000000000000000    -0.209996515588217    -0.263338419271385
    -0.000000000000000    -0.263338419271385    -0.097217991075358
8 13
    -0.096818296555109    -0.196030425309210     0.228057760809940
    -0.196030425309210     0.129538140365364     0.131669209349256
     0.228057760809940     0.131669209349256    -0.097217991075358
8 14
    -7.578836581753565    -0.000000000000000     0.000000000000000
    -0.000000000000000    -7.229605822981048     4.574173754976406
     0.000000000000000     4.574173754976406    -9.077668315447836
8 15
    -0.096818296555109     0.196030425309210    -0.228057760809940
     0.196030425309210     0.129538140365364     0.131669209349256
    -0.228057760809940     0.131669209349256    -0.097217991075358
8 16
    -1.278542701101486     0.000000000000000    -0.000000000000000
     0.000000000000000    -0.447667341419191    -0.342825149141815
    -0.000000000000000    -0.342825149141815    -0.772666424194211
8 17
    -7.316913512674176    -0.151221354550831     3.961350673183044
    -0.151221354550831    -7.491528892060435    -2.287086877774639
     3.961350673183044    -2.287086877774639    -9.077668315447836
8 18
    -7.316913512674176     0.151221354550831    -3.961350673183044
     0.151221354550831    -7.491528892060435    -2.287086877774639
    -3.961350673183044    -2.287086877774639    -9.077668315447836
9 1
     0.104057190344547    -1.316755111132320     0.379879913163028
    -3.177704855579474    -2.490820480994088    -1.485907788115900
     1.476773849183712     0.413968238787496     1.390898036467207
9 2
    -0.160697372546569    -0.000000000000000    -0.000000000000000
    -0.000000000000000    -0.160697372546569    -0.000000000000000
    -0.000000000000000     0.000000000000000     0.035900867458900
9 3
     0.104057190344547     1.316755111132320    -0.379879913163028
     3.177704855579474    -2.490820480994088    -1.485907788115900
    -1.476773849183712     0.413968238787496     1.390898036467207
9 4
    -0.160697372546569    -0.000000000000000    -0.000000000000000
    -0.000000000000000    -0.160697372546569     0.000000000000000
    -0.000000000000000    -0.000000000000000     0.035900867458900
9 5
     0.104057190344547    -3.177704855579474     1.476773849183712
    -1.316755111132320    -2.490820480994088     0.413968238787496
     0.379879913163028    -1.485907788115900     1.390898036467207
9 6
     0.104057190344547     3.177704855579474    -1.476773849183712
     1.316755111132320    -2.490820480994088     0.413968238787496
    -0.379879913163028    -1.485907788115900     1.390898036467207
9 7
    -3.788259316663405    -0.930474871937141    -1.096893935447812
     0.930474871937141     1.401496026586736     1.071939549328404
     1.096893935447812     1.071939549328404     1.390898036467207
9 8
    -3.788259316663405     0.930474871937141     1.096893935447812
    -0.930474871937141     1.401496026586736     1.071939549328404
    -1.096893935447812     1.071939549328404     1.390898036467207
9 9
    32.234583523068622     0.000000000000000     0.000000000000000
     0.000000000000000    32.234583523068622    -0.000000000000000
     0.000000000000000    -0.000000000000000    21.425468239004051
9 10
     0.242716359398472    -0.000000000000000    -0.000000000000000
    -0.000000000000000    -0.209996515588217    -0.263338419271385
    -0.000000000000000    -0.263338419271385    -0.097217991075358
9 11
    -0.655386181482983    -0.359779584443245    -0.296895288094603
    -0.359779584443245    -1.070823861610566     0.171412574570907
    -0.296895288094603     0.171412574570907    -0.772666424194211
9 12
    -0.655386181482983     0.359779584443245     0.296895288094603
     0.359779584443245    -1.070823861610566     0.171412574570907
     0.296895288094603     0.171412574570907    -0.772666424194211
9 13
    -0.096818296555109     0.196030425309210    -0.228057760809940
     0.196030425309210     0.129538140365364     0.131669209349256
    -0.228057760809940     0.131669209349256    -0.097217991075358
9 14
    -0.096818296555109    -0.196030425309210     0.228057760809940
    -0.196030425309210     0.129538140365364     0.131669209349256
     0.228057760809940     0.131669209349256    -0.097217991075358
9 15
    -7.578836581753565    -0.000000000000000     0.000000000000000
    -0.000000000000000    -7.229605822981048     4.574173754976406
     0.000000000000000     4.574173754976406    -9.077668315447836
9 16
    -7.316913512674176     0.151221354550831    -3.961350673183044
     0.151221354550831    -7.491528892060435    -2.287086877774639
    -3.961350673183044    -2.287086877774639    -9.077668315447836
9 17
    -1.278542701101486     0.000000000000000    -0.000000000000000
     0.000000000000000    -0.447667341419191    -0.342825149141815
    -0.000000000000000    -0.342825149141815    -0.772666424194211
9 18
    -7.316913512674176    -0.151221354550831     3.961350673183044
    -0.151221354550831    -7.491528892060435    -2.287086877774639
     3.961350673183044    -2.287086877774639    -9.077668315447836
10 1
    -7.316913512674176    -0.151221354550831     3.961350673183044
    -0.151221354550831    -7.491528892060435    -2.287086877774639
     3.961350673183044    -2.287086877774639    -9.077668315447836
10 2
    -1.278542701101486     0.000000000000000    -0.000000000000000
     0.000000000000000    -0.447667341419191    -0.342825149141815
    -0.000000000000000    -0.342825149141815    -0.772666424194211
10 3
    -7.316913512674176     0.151221354550831    -3.961350673183044
     0.151221354550831    -7.491528892060435    -2.287086877774639
    -3.961350673183044    -2.287086877774639    -9.077668315447836
10 4
    -7.578836581753565    -0.000000000000000     0.000000000000000
    -0.000000000000000    -7.229605822981048     4.574173754976406
     0.000000000000000     4.574173754976406    -9.077668315447836
10 5
    -0.096818296555109    -0.196030425309210     0.228057760809940
    -0.196030425309210     0.129538140365364     0.131669209349256
     0.228057760809940     0.131669209349256    -0.097217991075358
10 6
    -0.096818296555109     0.196030425309210    -0.228057760809940
     0.196030425309210     0.129538140365364     0.131669209349256
    -0.228057760809940     0.131669209349256    -0.097217991075358
10 7
    -0.655386181482983     0.359779584443245     0.296895288094603
     0.359779584443245    -1.070823861610566     0.171412574570907
     0.296895288094603     0.171412574570907    -0.772666424194211
10 8
    -0.655386181482983    -0.359779584443245    -0.296895288094603
    -0.359779584443245    -1.070823861610566     0.171412574570907
    -0.296895288094603     0.171412574570907    -0.772666424194211
10 9
     0.242716359398472    -0.000000000000000    -0.000000000000000
    -0.000000000000000    -0.209996515588217    -0.263338419271385
    -0.000000000000000    -0.263338419271385    -0.097217991075358
10 10
    32.234583523068622     0.000000000000000     0.000000000000000
     0.000000000000000    32.234583523068622    -0.000000000000000
     0.000000000000000    -0.000000000000000    21.425468239004051
10 11
    -3.788259316663405     0.930474871937141     1.096893935447812
    -0.930474871937141     1.401496026586736     1.071939549328404
    -1.096893935447812     1.071939549328404     1.390898036467207
10 12
    -3.788259316663405    -0.930474871937141    -1.096893935447812
     0.930474871937141     1.401496026586736     1.071939549328404
     1.096893935447812     1.071939549328404     1.390898036467207
10 13
     0.104057190344547     3.177704855579474    -1.476773849183712
     1.316755111132320    -2.490820480994088     0.413968238787496
    -0.379879913163028    -1.485907788115900     1.390898036467207
10 14
     0.104057190344547    -3.177704855579474     1.476773849183712
    -1.316755111132320    -2.490820480994088     0.413968238787496
     0.379879913163028    -1.485907788115900     1.390898036467207
10 15
    -0.160697372546569    -0.000000000000000    -0.000000000000000
    -0.000000000000000    -0.160697372546569     0.000000000000000
    -0.000000000000000    -0.000000000000000     0.035900867458900
10 16
     0.104057190344547     1.316755111132320    -0.379879913163028
     3.177704855579474    -2.490820480994088    -1.485907788115900
    -1.476773849183712     0.413968238787496     1.390898036467207
10 17
    -0.160697372546569    -0.000000000000000    -0.000000000000000
    -0.000000000000000    -0.160697372546569    -0.000000000000000
    -0.000000000000000     0.000000000000000     0.035900867458900
10 18
     0.104057190344547    -1.316755111132320     0.379879913163028
    -3.177704855579474    -2.490820480994088    -1.485907788115900
     1.476773849183712     0.413968238787496     1.390898036467207
11 1
    -7.316913512674176     0.151221354550831    -3.961350673183044
     0.151221354550831    -7.491528892060435    -2.287086877774639
    -3.961350673183044    -2.287086877774639    -9.077668315447836
11 2
    -7.316913512674176    -0.151221354550831     3.961350673183044
    -0.151221354550831    -7.491528892060435    -2.287086877774639
     3.961350673183044    -2.287086877774639    -9.077668315447836
11 3
    -1.278542701101486     0.000000000000000    -0.000000000000000
     0.000000000000000    -0.447667341419191    -0.342825149141815
    -0.000000000000000    -0.342825149141815    -0.772666424194211
11 4
    -0.096818296555109     0.196030425309210    -0.228057760809940
     0.196030425309210     0.129538140365364     0.131669209349256
    -0.228057760809940     0.131669209349256    -0.097217991075358
11 5
    -7.578836581753565    -0.000000000000000     0.000000000000000
    -0.000000000000000    -7.229605822981048     4.574173754976406
     0.000000000000000     4.574173754976406    -9.077668315447836
11 6
    -0.096818296555109    -0.196030425309210     0.228057760809940
    -0.196030425309210     0.129538140365364     0.131669209349256
     0.228057760809940     0.131669209349256    -0.097217991075358
11 7
     0.242716359398472    -0.000000000000000    -0.000000000000000
    -0.000000000000000    -0.209996515588217    -0.263338419271385
    -0.000000000000000    -0.263338419271385    -0.097217991075358
11 8
    -0.655386181482983     0.359779584443245     0.296895288094603
     0.359779584443245    -1.070823861610566     0.171412574570907
     0.296895288094603     0.171412574570907    -0.772666424194211
11 9
    -0.655386181482983    -0.359779584443245    -0.296895288094603
    -0.359779584443245    -1.070823861610566     0.171412574570907
    -0.296895288094603     0.171412574570907    -0.772666424194211
11 10
    -3.788259316663405    -0.930474871937141    -1.096893935447812
     0.930474871937141     1.401496026586736     1.071939549328404
     1.096893935447812     1.071939549328404     1.390898036467207
11 11
    32.234583523068622     0.000000000000000     0.000000000000000
     0.000000000000000    32.234583523068622    -0.000000000000000
     0.000000000000000    -0.000000000000000    21.425468239004051
11 12
    -3.788259316663405     0.930474871937141     1.096893935447812
    -0.930474871937141     1.401496026586736     1.071939549328404
    -1.096893935447812     1.071939549328404     1.390898036467207
11 13
    -0.160697372546569    -0.000000000000000    -0.000000000000000
    -0.000000000000000    -0.160697372546569     0.000000000000000
    -0.000000000000000    -0.000000000000000     0.035900867458900
11 14
     0.104057190344547     3.177704855579474    -1.476773849183712
     1.316755111132320    -2.490820480994088     0.413968238787496
    -0.379879913163028    -1.485907788115900     1.390898036467207
11 15
     0.104057190344547    -3.177704855579474     1.476773849183712
    -1.316755111132320    -2.490820480994088     0.413968238787496
     0.379879913163028    -1.485907788115900     1.390898036467207
11 16
     0.104057190344547    -1.316755111132320     0.379879913163028
    -3.177704855579474    -2.490820480994088    -1.485907788115900
     1.476773849183712     0.413968238787496     1.390898036467207
11 17
     0.104057190344547     1.316755111132320    -0.379879913163028
     3.177704855579474    -2.490820480994088    -1.485907788115900
    -1.476773849183712     0.413968238787496     1.390898036467207
11 18
    -0.160697372546569    -0.000000000000000    -0.000000000000000
    -0.000000000000000    -0.160697372546569    -0.000000000000000
    -0.000000000000000     0.000000000000000     0.035900867458900
12 1
    -1.278542701101486     0.000000000000000    -0.000000000000000
     0.000000000000000    -0.447667341419191    -0.342825149141815
    -0.000000000000000    -0.342825149141815    -0.772666424194211
12 2
    -7.316913512674176     0.151221354550831    -3.961350673183044
     0.151221354550831    -7.491528892060435    -2.287086877774639
    -3.961350673183044    -2.287086877774639    -9.077668315447836
12 3
    -7.316913512674176    -0.151221354550831     3.961350673183044
    -0.151221354550831    -7.491528892060435    -2.287086877774639
     3.961350673183044    -2.287086877774639    -9.077668315447836
12 4
    -0.096818296555109    -0.196030425309210     0.228057760809940
    -0.196030425309210     0.129538140365364     0.131669209349256
     0.228057760809940     0.131669209349256    -0.097217991075358
12 5
    -0.096818296555109     0.196030425309210    -0.228057760809940
     0.196030425309210     0.129538140365364     0.131669209349256
    -0.228057760809940     0.131669209349256    -0.097217991075358
12 6
    -7.578836581753565    -0.000000000000000     0.000000000000000
    -0.000000000000000    -7.229605822981048     4.574173754976406
     0.000000000000000     4.574173754976406    -9.077668315447836
12 7
    -0.655386181482983    -0.359779584443245    -0.296895288094603
    -0.359779584443245    -1.070823861610566     0.171412574570907
    -0.296895288094603     0.171412574570907    -0.772666424194211
12 8
     0.242716359398472    -0.000000000000000    -0.000000000000000
    -0.000000000000000    -0.209996515588217    -0.263338419271385
    -0.000000000000000    -0.263338419271385    -0.097217991075358
12 9
    -0.655386181482983     0.359779584443245     0.296895288094603
     0.359779584443245    -1.070823861610566     0.171412574570907
     0.296895288094603     0.171412574570907    -0.772666424194211
12 10
    -3.788259316663405     0.930474871937141     1.096893935447812
    -0.930474871937141     1.401496026586736     1.071939549328404
    -1.096893935447812     1.071939549328404     1.390898036467207
12 11
    -3.788259316663405    -0.930474871937141    -1.096893935447812
     0.930474871937141     1.401496026586736     1.071939549328404
     1.096893935447812     1.071939549328404     1.390898036467207
12 12
    32.234583523068622     0.000000000000000     0.000000000000000
     0.000000000000000    32.234583523068622    -0.000000000000000
     0.000000000000000    -0.000000000000000    21.425468239004051
12 13
     0.104057190344547    -3.177704855579474     1.476773849183712
    -1.316755111132320    -2.490820480994088     0.413968238787496
     0.379879913163028    -1.485907788115900     1.390898036467207
12 14
    -0.160697372546569    -0.000000000000000    -0.000000000000000
    -0.000000000000000    -0.160697372546569     0.000000000000000
    -0.000000000000000    -0.000000000000000     0.035900867458900
12 15
     0.104057190344547     3.177704855579474    -1.476773849183712
     1.316755111132320    -2.490820480994088     0.413968238787496
    -0.379879913163028    -1.485907788115900     1.390898036467207
12 16
    -0.160697372546569    -0.000000000000000    -0.000000000000000
    -0.000000000000000    -0.160697372546569    -0.000000000000000
    -0.000000000000000     0.000000000000000     0.035900867458900
12 17
     0.104057190344547    -1.316755111132320     0.379879913163028
    -3.177704855579474    -2.490820480994088    -1.485907788115900
     1.476773849183712     0.413968238787496     1.390898036467207
12 18
     0.104057190344547     1.316755111132320    -0.379879913163028
     3.177704855579474    -2.490820480994088    -1.485907788115900
    -1.476773849183712     0.413968238787496     1.390898036467207
13 1
    -0.655386181482983     0.359779584443245     0.296895288094603
     0.359779584443245    -1.070823861610566     0.171412574570907
     0.296895288094603     0.171412574570907    -0.772666424194211
13 2
    -0.655386181482983    -0.359779584443245    -0.296895288094603
    -0.359779584443245    -1.070823861610566     0.171412574570907
    -0.296895288094603     0.171412574570907    -0.772666424194211
13 3
     0.242716359398472    -0.000000000000000    -0.000000000000000
    -0.000000000000000    -0.209996515588217    -0.263338419271385
    -0.000000000000000    -0.263338419271385    -0.097217991075358
13 4
    -7.316913512674176    -0.151221354550831     3.961350673183044
    -0.151221354550831    -7.491528892060435    -2.287086877774639
     3.961350673183044    -2.287086877774639    -9.077668315447836
13 5
    -1.278542701101486     0.000000000000000    -0.000000000000000
     0.000000000000000    -0.447667341419191    -0.342825149141815
    -0.000000000000000    -0.342825149141815    -0.772666424194211
13 6
    -7.316913512674176     0.151221354550831    -3.961350673183044
     0.151221354550831    -7.491528892060435    -2.287086877774639
    -3.961350673183044    -2.287086877774639    -9.077668315447836
13 7
    -7.578836581753565    -0.000000000000000     0.000000000000000
    -0.000000000000000    -7.229605822981048     4.574173754976406
     0.000000000000000     4.574173754976406    -9.077668315447836
13 8
    -0.096818296555109    -0.196030425309210     0.228057760809940
    -0.196030425309210     0.129538140365364     0.131669209349256
     0.228057760809940     0.131669209349256    -0.097217991075358
13 9
    -0.096818296555109     0.196030425309210    -0.228057760809940
     0.196030425309210     0.129538140365364     0.131669209349256
    -0.228057760809940     0.131669209349256    -0.097217991075358
13 10
     0.104057190344547     1.316755111132320    -0.379879913163028
     3.177704855579474    -2.490820480994088    -1.485907788115900
    -1.476773849183712     0.413968238787496     1.390898036467207
13 11
    -0.160697372546569    -0.000000000000000    -0.000000000000000
    -0.000000000000000    -0.160697372546569    -0.000000000000000
    -0.000000000000000     0.000000000000000     0.035900867458900
13 12
     0.104057190344547    -1.316755111132320     0.379879913163028
    -3.177704855579474    -2.490820480994088    -1.485907788115900
     1.476773849183712     0.413968238787496     1.390898036467207
13 13
    32.234583523068622     0.000000000000000     0.000000000000000
     0.000000000000000    32.234583523068622    -0.000000000000000
     0.000000000000000    -0.000000000000000    21.425468239004051
13 14
    -3.788259316663405     0.930474871937141     1.096893935447812
    -0.930474871937141     1.401496026586736     1.071939549328404
    -1.096893935447812     1.071939549328404     1.390898036467207
13 15
    -3.788259316663405    -0.930474871937141    -1.096893935447812
     0.930474871937141     1.401496026586736     1.071939549328404
     1.096893935447812     1.071939549328404     1.390898036467207
13 16
     0.104057190344547     3.177704855579474    -1.476773849183712
     1.316755111132320    -2.490820480994088     0.413968238787496
    -0.379879913163028    -1.485907788115900     1.390898036467207
13 17
     0.104057190344547    -3.177704855579474     1.476773849183712
    -1.316755111132320    -2.490820480994088     0.413968238787496
     0.379879913163028    -1.485907788115900     1.390898036467207
13 18
    -0.160697372546569    -0.000000000000000    -0.000000000000000
    -0.000000000000000    -0.160697372546569     0.000000000000000
    -0.000000000000000    -0.000000000000000     0.035900867458900
14 1
     0.242716359398472    -0.000000000000000    -0.000000000000000
    -0.000000000000000    -0.209996515588217    -0.263338419271385
    -0.000000000000000    -0.263338419271385    -0.097217991075358
14 2
    -0.655386181482983     0.359779584443245     0.296895288094603
     0.359779584443245    -1.070823861610566     0.171412574570907
     0.296895288094603     0.171412574570907    -0.772666424194211
14 3
    -0.655386181482983    -0.359779584443245    -0.296895288094603
    -0.359779584443245    -1.070823861610566     0.171412574570907
    -0.296895288094603     0.171412574570907    -0.772666424194211
14 4
    -7.316913512674176     0.151221354550831    -3.961350673183044
     0.151221354550831    -7.491528892060435    -2.287086877774639
    -3.961350673183044    -2.287086877774639    -9.077668315447836
14 5
    -7.316913512674176    -0.151221354550831     3.961350673183044
    -0.151221354550831    -7.491528892060435    -2.287086877774639
     3.961350673183044    -2.287086877774639    -9.077668315447836
14 6
    -1.278542701101486     0.000000000000000    -0.000000000000000
     0.000000000000000    -0.447667341419191    -0.342825149141815
    -0.000000000000000    -0.342825149141815    -0.772666424194211
14 7
    -0.096818296555109     0.196030425309210    -0.228057760809940
     0.196030425309210     0.129538140365364     0.131669209349256
    -0.228057760809940     0.131669209349256    -0.097217991075358
14 8
    -7.578836581753565    -0.000000000000000     0.000000000000000
    -0.000000000000000    -7.229605822981048     4.574173754976406
     0.000000000000000     4.574173754976406    -9.077668315447836
14 9
    -0.096818296555109    -0.196030425309210     0.228057760809940
    -0.196030425309210     0.129538140365364     0.131669209349256
     0.228057760809940     0.131669209349256    -0.097217991075358
14 10
     0.104057190344547    -1.316755111132320     0.379879913163028
    -3.177704855579474    -2.490820480994088    -1.485907788115900
     1.476773849183712     0.413968238787496     1.390898036467207
14 11
     0.104057190344547     1.316755111132320    -0.379879913163028
     3.177704855579474    -2.490820480994088    -1.485907788115900
    -1.476773849183712     0.413968238787496     1.390898036467207
14 12
    -0.160697372546569    -0.000000000000000    -0.000000000000000
    -0.000000000000000    -0.160697372546569    -0.000000000000000
    -0.000000000000000     0.000000000000000     0.035900867458900
14 13
    -3.788259316663405    -0.930474871937141    -1.096893935447812
     0.930474871937141     1.401496026586736     1.071939549328404
     1.096893935447812     1.071939549328404     1.390898036467207
14 14
    32.234583523068622     0.000000000000000     0.000000000000000
     0.000000000000000    32.234583523068622    -0.000000000000000
     0.000000000000000    -0.000000000000000    21.425468239004051
14 15
    -3.788259316663405     0.930474871937141     1.096893935447812
    -0.930474871937141     1.401496026586736     1.071939549328404
    -1.096893935447812     1.071939549328404     1.390898036467207
14 16
    -0.160697372546569    -0.000000000000000    -0.000000000000000
    -0.000000000000000    -0.160697372546569     0.000000000000000
    -0.000000000000000    -0.000000000000000     0.035900867458900
14 17
     0.104057190344547     3.177704855579474    -1.476773849183712
     1.316755111132320    -2.490820480994088     0.413968238787496
    -0.379879913163028    -1.485907788115900     1.390898036467207
14 18
     0.104057190344547    -3.177704855579474     1.476773849183712
    -1.316755111132320    -2.490820480994088     0.413968238787496
     0.379879913163028    -1.485907788115900     1.390898036467207
15 1
    -0.655386181482983    -0.359779584443245    -0.296895288094603
    -0.359779584443245    -1.070823861610566     0.171412574570907
    -0.296895288094603     0.171412574570907    -0.772666424194211
15 2
     0.242716359398472    -0.000000000000000    -0.000000000000000
    -0.000000000000000    -0.209996515588217    -0.263338419271385
    -0.000000000000000    -0.263338419271385    -0.097217991075358
15 3
    -0.655386181482983     0.359779584443245     0.296895288094603
     0.359779584443245    -1.070823861610566     0.171412574570907
     0.296895288094603     0.171412574570907    -0.772666424194211
15 4
    -1.278542701101486     0.000000000000000    -0.000000000000000
     0.000000000000000    -0.447667341419191    -0.342825149141815
    -0.000000000000000    -0.342825149141815    -0.772666424194211
15 5
    -7.316913512674176     0.151221354550831    -3.961350673183044
     0.151221354550831    -7.491528892060435    -2.287086877774639
    -3.961350673183044    -2.287086877774639    -9.077668315447836
15 6
    -7.316913512674176    -0.151221354550831     3.961350673183044
    -0.151221354550831    -7.491528892060435    -2.287086877774639
     3.961350673183044    -2.287086877774639    -9.077668315447836
15 7
    -0.096818296555109    -0.196030425309210     0.228057760809940
    -0.196030425309210     0.129538140365364     0.131669209349256
     0.228057760809940     0.131669209349256    -0.097217991075358
15 8
    -0.096818296555109     0.196030425309210    -0.228057760809940
     0.196030425309210     0.129538140365364     0.131669209349256
    -0.228057760809940     0.131669209349256    -0.097217991075358
15 9
    -7.578836581753565    -0.000000000000000     0.000000000000000
    -0.000000000000000    -7.229605822981048     4.574173754976406
     0.000000000000000     4.574173754976406    -9.077668315447836
15 10
    -0.160697372546569    -0.000000000000000    -0.000000000000000
    -0.000000000000000    -0.160697372546569    -0.000000000000000
    -0.000000000000000     0.000000000000000     0.035900867458900
15 11
     0.104057190344547    -1.316755111132320     0.379879913163028
    -3.177704855579474    -2.490820480994088    -1.485907788115900
     1.476773849183712     0.413968238787496     1.390898036467207
15 12
     0.104057190344547     1.316755111132320    -0.379879913163028
     3.177704855579474    -2.490820480994088    -1.485907788115900
    -1.476773849183712     0.413968238787496     1.390898036467207
15 13
    -3.788259316663405     0.930474871937141     1.096893935447812
    -0.930474871937141     1.401496026586736     1.071939549328404
    -1.096893935447812     1.071939549328404     1.390898036467207
15 14
    -3.788259316663405    -0.930474871937141    -1.096893935447812
     0.930474871937141     1.401496026586736     1.071939549328404
     1.096893935447812     1.071939549328404     1.390898036467207
15 15
    32.234583523068622     0.000000000000000     0.000000000000000
     0.000000000000000    32.234583523068622    -0.000000000000000
     0.000000000000000    -0.000000000000000    21.425468239004051
15 16
     0.104057190344547    -3.177704855579474     1.476773849183712
    -1.316755111132320    -2.490820480994088     0.413968238787496
     0.379879913163028    -1.485907788115900     1.390898036467207
15 17
    -0.160697372546569    -0.000000000000000    -0.000000000000000
    -0.000000000000000    -0.160697372546569     0.000000000000000
    -0.000000000000000    -0.000000000000000     0.035900867458900
15 18
     0.104057190344547     3.177704855579474    -1.476773849183712
     1.316755111132320    -2.490820480994088     0.413968238787496
    -0.379879913163028    -1.485907788115900     1.390898036467207
16 1
    -7.578836581753565    -0.000000000000000     0.000000000000000
    -0.000000000000000    -7.229605822981048     4.574173754976406
     0.000000000000000     4.574173754976406    -9.077668315447836
16 2
    -0.096818296555109    -0.196030425309210     0.228057760809940
    -0.196030425309210     0.129538140365364     0.131669209349256
     0.228057760809940     0.131669209349256    -0.097217991075358
16 3
    -0.096818296555109     0.196030425309210    -0.228057760809940
     0.196030425309210     0.129538140365364     0.131669209349256
    -0.228057760809940     0.131669209349256    -0.097217991075358
16 4
    -0.655386181482983     0.359779584443245     0.296895288094603
     0.359779584443245    -1.070823861610566     0.171412574570907
     0.296895288094603     0.171412574570907    -0.772666424194211
16 5
    -0.655386181482983    -0.359779584443245    -0.296895288094603
    -0.359779584443245    -1.070823861610566     0.171412574570907
    -0.296895288094603     0.171412574570907    -0.772666424194211
16 6
     0.242716359398472    -0.000000000000000    -0.000000000000000
    -0.000000000000000    -0.209996515588217    -0.263338419271385
    -0.000000000000000    -0.263338419271385    -0.097217991075358
16 7
    -7.316913512674176    -0.151221354550831     3.961350673183044
    -0.151221354550831    -7.491528892060435    -2.287086877774639
     3.961350673183044    -2.287086877774639    -9.077668315447836
16 8
    -1.278542701101486     0.000000000000000    -0.000000000000000
     0.000000000000000    -0.447667341419191    -0.342825149141815
    -0.000000000000000    -0.342825149141815    -0.772666424194211
16 9
    -7.316913512674176     0.151221354550831    -3.961350673183044
     0.151221354550831    -7.491528892060435    -2.287086877774639
    -3.961350673183044    -2.287086877774639    -9.077668315447836
16 10
     0.104057190344547     3.177704855579474    -1.476773849183712
     1.316755111132320    -2.490820480994088     0.413968238787496
    -0.379879913163028    -1.485907788115900     1.390898036467207
16 11
     0.104057190344547    -3.177704855579474     1.476773849183712
    -1.316755111132320    -2.490820480994088     0.413968238787496
     0.379879913163028    -1.485907788115900     1.390898036467207
16 12
    -0.160697372546569    -0.000000000000000    -0.000000000000000
    -0.000000000000000    -0.160697372546569     0.000000000000000
    -0.000000000000000    -0.000000000000000     0.035900867458900
16 13
     0.104057190344547     1.316755111132320    -0.379879913163028
     3.177704855579474    -2.490820480994088    -1.485907788115900
    -1.476773849183712     0.413968238787496     1.390898036467207
16 14
    -0.160697372546569    -0.000000000000000    -0.000000000000000
    -0.000000000000000    -0.160697372546569    -0.000000000000000
    -0.000000000000000     0.000000000000000     0.035900867458900
16 15
     0.104057190344547    -1.316755111132320     0.379879913163028
    -3.177704855579474    -2.490820480994088    -1.485907788115900
     1.476773849183712     0.413968238787496     1.390898036467207
16 16
    32.234583523068622     0.000000000000000     0.000000000000000
     0.000000000000000    32.234583523068622    -0.000000000000000
     0.000000000000000    -0.000000000000000    21.425468239004051
16 17
    -3.788259316663405     0.930474871937141     1.096893935447812
    -0.930474871937141     1.401496026586736     1.071939549328404
    -1.096893935447812     1.071939549328404     1.390898036467207
16 18
    -3.788259316663405    -0.930474871937141    -1.096893935447812
     0.930474871937141     1.401496026586736     1.071939549328404
     1.096893935447812     1.071939549328404     1.390898036467207
17 1
    -0.096818296555109     0.196030425309210    -0.228057760809940
     0.196030425309210     0.129538140365364     0.131669209349256
    -0.228057760809940     0.131669209349256    -0.097217991075358
17 2
    -7.578836581753565    -0.000000000000000     0.000000000000000
    -0.000000000000000    -7.229605822981048     4.574173754976406
     0.000000000000000     4.574173754976406    -9.077668315447836
17 3
    -0.096818296555109    -0.196030425309210     0.228057760809940
    -0.196030425309210     0.129538140365364     0.131669209349256
     0.228057760809940     0.131669209349256    -0.097217991075358
17 4
     0.242716359398472    -0.000000000000000    -0.000000000000000
    -0.000000000000000    -0.209996515588217    -0.263338419271385
    -0.000000000000000    -0.263338419271385    -0.097217991075358
17 5
    -0.655386181482983     0.359779584443245     0.296895288094603
     0.359779584443245    -1.070823861610566     0.171412574570907
     0.296895288094603     0.171412574570907    -0.772666424194211
17 6
    -0.655386181482983    -0.359779584443245    -0.296895288094603
    -0.359779584443245    -1.070823861610566     0.171412574570907
    -0.296895288094603     0.171412574570907    -0.772666424194211
17 7
    -7.316913512674176     0.151221354550831    -3.961350673183044
     0.151221354550831    -7.491528892060435    -2.287086877774639
    -3.961350673183044    -2.287086877774639    -9.077668315447836
17 8
    -7.316913512674176    -0.151221354550831     3.961350673183044
    -0.151221354550831    -7.491528892060435    -2.287086877774639
     3.961350673183044    -2.287086877774639    -9.077668315447836
17 9
    -1.278542701101486     0.000000000000000    -0.000000000000000
     0.000000000000000    -0.447667341419191    -0.342825149141815
    -0.000000000000000    -0.342825149141815    -0.772666424194211
17 10
    -0.160697372546569    -0.000000000000000    -0.000000000000000
    -0.000000000000000    -0.160697372546569     0.000000000000000
    -0.000000000000000    -0.000000000000000     0.035900867458900
17 11
     0.104057190344547     3.177704855579474    -1.476773849183712
     1.316755111132320    -2.490820480994088     0.413968238787496
    -0.379879913163028    -1.485907788115900     1.390898036467207
17 12
     0.104057190344547    -3.177704855579474     1.476773849183712
    -1.316755111132320    -2.490820480994088     0.413968238787496
     0.379879913163028    -1.485907788115900     1.390898036467207
17 13
     0.104057190344547    -1.316755111132320     0.379879913163028
    -3.177704855579474    -2.490820480994088    -1.485907788115900
     1.476773849183712     0.413968238787496     1.390898036467207
17 14
     0.104057190344547     1.316755111132320    -0.379879913163028
     3.177704855579474    -2.490820480994088    -1.485907788115900
    -1.476773849183712     0.413968238787496     1.390898036467207
17 15
    -0.160697372546569    -0.000000000000000    -0.000000000000000
    -0.000000000000000    -0.160697372546569    -0.000000000000000
    -0.000000000000000     0.000000000000000     0.035900867458900
17 16
    -3.788259316663405    -0.930474871937141    -1.096893935447812
     0.930474871937141     1.401496026586736     1.071939549328404
     1.096893935447812     1.071939549328404     1.390898036467207
17 17
    32.234583523068622     0.000000000000000     0.000000000000000
     0.000000000000000    32.234583523068622    -0.000000000000000
     0.000000000000000    -0.000000000000000    21.425468239004051
17 18
    -3.788259316663405     0.930474871937141     1.096893935447812
    -0.930474871937141     1.401496026586736     1.071939549328404
    -1.096893935447812     1.071939549328404     1.390898036467207
18 1
    -0.096818296555109    -0.196030425309210     0.228057760809940
    -0.196030425309210     0.129538140365364     0.131669209349256
     0.228057760809940     0.131669209349256    -0.097217991075358
18 2
    -0.096818296555109     0.196030425309210    -0.228057760809940
     0.196030425309210     0.129538140365364     0.131669209349256
    -0.228057760809940     0.131669209349256    -0.097217991075358
18 3
    -7.578836581753565    -0.000000000000000     0.000000000000000
    -0.000000000000000    -7.229605822981048     4.574173754976406
     0.000000000000000     4.574173754976406    -9.077668315447836
18 4
    -0.655386181482983    -0.359779584443245    -0.296895288094603
    -0.359779584443245    -1.070823861610566     0.171412574570907
    -0.296895288094603     0.171412574570907    -0.772666424194211
18 5
     0.242716359398472    -0.000000000000000    -0.000000000000000
    -0.000000000000000    -0.209996515588217    -0.263338419271385
    -0.000000000000000    -0.263338419271385    -0.097217991075358
18 6
    -0.655386181482983     0.359779584443245     0.296895288094603
     0.359779584443245    -1.070823861610566     0.171412574570907
     0.296895288094603     0.171412574570907    -0.772666424194211
18 7
    -1.278542701101486     0.000000000000000    -0.000000000000000
     0.000000000000000    -0.447667341419191    -0.342825149141815
    -0.000000000000000    -0.342825149141815    -0.772666424194211
18 8
    -7.316913512674176     0.151221354550831    -3.961350673183044
     0.151221354550831    -7.491528892060435    -2.287086877774639
    -3.961350673183044    -2.287086877774639    -9.077668315447836
18 9
    -7.316913512674176    -0.151221354550831     3.961350673183044
    -0.151221354550831    -7.491528892060435    -2.287086877774639
     3.961350673183044    -2.287086877774639    -9.077668315447836
18 10
     0.104057190344547    -3.177704855579474     1.476773849183712
    -1.316755111132320    -2.490820480994088     0.413968238787496
     0.379879913163028    -1.485907788115900     1.390898036467207
18 11
    -0.160697372546569    -0.000000000000000    -0.000000000000000
    -0.000000000000000    -0.160697372546569     0.000000000000000
    -0.000000000000000    -0.000000000000000     0.035900867458900
18 12
     0.104057190344547     3.177704855579474    -1.476773849183712
     1.316755111132320    -2.490820480994088     0.413968238787496
    -0.379879913163028    -1.485907788115900     1.390898036467207
18 13
    -0.160697372546569    -0.000000000000000    -0.000000000000000
    -0.000000000000000    -0.160697372546569    -0.000000000000000
    -0.000000000000000     0.000000000000000     0.035900867458900
18 14
     0.104057190344547    -1.316755111132320     0.379879913163028
    -3.177704855579474    -2.490820480994088    -1.485907788115900
     1.476773849183712     0.413968238787496     1.390898036467207
18 15
     0.104057190344547     1.316755111132320    -0.379879913163028
     3.177704855579474    -2.490820480994088    -1.485907788115900
    -1.476773849183712     0.413968238787496     1.390898036467207
18 16
    -3.788259316663405     0.930474871937141     1.096893935447812
    -0.930474871937141     1.401496026586736     1.071939549328404
    -1.096893935447812     1.071939549328404     1.390898036467207
18 17
    -3.788259316663405    -0.930474871937141    -1.096893935447812
     0.930474871937141     1.401496026586736     1.071939549328404
     1.096893935447812     1.071939549328404     1.390898036467207
18 18
    32.234583523068622     0.000000000000000     0.000000000000000
     0.000000000000000    32.234583523068622    -0.000000000000000
     0.000000000000000    -0.000000000000000    21.425468239004051