    1   18    2
 30.974
    1    1  1.0000  0.0000  0.0000
-10.850326616996  -0.000208130311  -0.000001760498
  0.546899387582   0.100461458727   0.158388256470
  0.546772833877  -0.100357645920  -0.158365638988
 -0.163736486425  -0.309882132328   0.305492807362
 -0.163730084185   0.310024967801  -0.305585518299
  0.096804685307   0.000004354633  -0.000047798352
 -0.163758959258  -0.510529507558   0.463979685842
  0.096914097063  -0.000107575987   0.000083875828
 -0.163912242200   0.510558499668  -0.463983181997
  4.062386499114  -1.571137010297  -3.424750625363
  4.062103381767   1.571229962814   3.424876344618
  0.415444414115  -0.000134091517  -0.000013816203
  0.246463536458  -0.097385380479  -0.204291757995
 -0.082015924360   0.000027784284   0.000018963261
  0.246212912348   0.097270572648   0.204262673352
  1.341497626293   0.000153819586   0.000011521071
 -0.036976271936  -0.026349346611   0.054478902187
 -0.037042788563   0.026359400846  -0.054552932295
    1    2  0.0000  0.0000  1.0000
 -0.000000000000   0.000000000000 -11.521721243129
 -0.158560357804  -0.444980182823  -0.733873503010
  0.158560357804  -0.444980182823  -0.733873503010
  0.464644321408   0.085172793520  -0.733873503010
 -0.464644321408   0.085172793520  -0.733873503010
 -0.000000000000   0.000000000000  -0.110060327563
  0.306083963603   0.359807389303  -0.733873503010
 -0.000000000000   0.000000000000  -0.111891320704
 -0.306083963603   0.359807389303  -0.733873503010
 -3.425772631420   1.977870750933   4.654333062940
  3.425772631420   1.977870750933   4.654333062940
  0.000000000000   0.236389797973   0.535856882968
 -0.204719570240  -0.118194898986   0.535856882968
  0.000000000000   0.063877639079   0.192114690578
  0.204719570240  -0.118194898986   0.535856882968
 -0.000000000000  -3.955741501866   4.654333062940
  0.055319658176  -0.031938819540   0.192114690578
 -0.055319658176  -0.031938819540   0.192114690578
