    1   18    2
121.750
    1    1  1.0000  0.0000  0.0000
 -5.966371845886   0.000585045097  -0.000203244710
  0.213015968156  -0.002582470991   0.026804166594
  0.212963277622   0.002505678822  -0.026817200169
 -0.057023283400  -0.158965351600   0.150019212798
 -0.057038917907   0.158931653438  -0.149947359251
  0.037751384396  -0.000034292094   0.000028276929
 -0.057454040255  -0.153087186128   0.176870373537
  0.036269949256  -0.000016043125  -0.000016344716
 -0.057469173593   0.153084064317  -0.176847975356
  2.494040992577  -1.161191098921  -2.291917395167
  2.494121211764   1.161021577973   2.291929371995
  0.153186646951  -0.000009234440  -0.000013004348
  0.081181584472  -0.041542314080  -0.063923976524
 -0.037836668735   0.000003454104   0.000008176600
  0.081202679963   0.041480481631   0.063942037523
  0.482723021097  -0.000084632629   0.000034074430
 -0.026604316861  -0.006649875089   0.014499183634
 -0.026658469616   0.006550543714  -0.014448373800
    1    2  0.0000  0.0000  1.0000
  0.000000000000   0.000000000000  -7.231732845194
 -0.025718343164  -0.187804244528  -0.297456747500
  0.025718343164  -0.187804244528  -0.297456747500
  0.175502418282   0.071629383741  -0.297456747500
 -0.175502418282   0.071629383741  -0.297456747500
  0.000000000000   0.000000000000  -0.035295079298
  0.149784075118   0.116174860787  -0.297456747500
  0.000000000000   0.000000000000  -0.035433312007
 -0.149784075118   0.116174860787  -0.297456747500
 -2.287971380044   1.320960892167   2.803418558617
  2.287971380044   1.320960892167   2.803418558617
  0.000000000000   0.075961764430   0.161572334058
 -0.065784817713  -0.037980882215   0.161572334058
  0.000000000000   0.017263339926   0.064076347826
  0.065784817713  -0.037980882215   0.161572334058
  0.000000000000  -2.641921784333   2.803418558617
  0.014950490930  -0.008631669963   0.064076347826
 -0.014950490930  -0.008631669963   0.064076347826
