# End points of segments: 
#   0.00000000 0.20310690 0.40621380 0.60932080 
0.000000 -0.000829
0.002052 0.293432
0.004103 0.586671
0.006155 0.879524
0.008206 1.171801
0.010258 1.463316
0.012309 1.753888
0.014361 2.043344
0.016413 2.331517
0.018464 2.618250
0.020516 2.903396
0.022567 3.186818
0.024619 3.468393
0.026671 3.748011
0.028722 4.025575
0.030774 4.301004
0.032825 4.574231
0.034877 4.845209
0.036929 5.113903
0.038980 5.380299
0.041032 5.644398
0.043083 5.906220
0.045135 6.165802
0.047186 6.423198
0.049238 6.678480
0.051290 6.931735
0.053341 7.183068
0.055393 7.432597
0.057444 7.680454
0.059496 7.926786
0.061548 8.171749
0.063599 8.415511
0.065651 8.658248
0.067702 8.900142
0.069754 9.141379
0.071805 9.382150
0.073857 9.622645
0.075909 9.863053
0.077960 10.103559
0.080012 10.344342
0.082063 10.585574
0.084115 10.827414
0.086167 11.070009
0.088218 11.313494
0.090270 11.557985
0.092321 11.803578
0.094373 12.050350
0.096424 12.298359
0.098476 12.547634
0.100528 12.798185
0.102579 13.049994
0.104631 13.303018
0.106682 13.557187
0.108734 13.812408
0.110786 14.068558
0.112837 14.325493
0.114889 14.583041
0.116940 14.841010
0.118992 15.099184
0.121043 15.357329
0.123095 15.615191
0.125147 15.872504
0.127198 16.128986
0.129250 16.384345
0.131301 16.638284
0.133353 16.890497
0.135405 17.140681
0.137456 17.388531
0.139508 17.633749
0.141559 17.876043
0.143611 18.115130
0.145663 18.350742
0.147714 18.582621
0.149766 18.810532
0.151817 19.034252
0.153869 19.253582
0.155920 19.468342
0.157972 19.678373
0.160024 19.883537
0.162075 20.083718
0.164127 20.278822
0.166178 20.468773
0.168230 20.653516
0.170282 20.833013
0.172333 21.007244
0.174385 21.176204
0.176436 21.339901
0.178488 21.498354
0.180539 21.651595
0.182591 21.799661
0.184643 21.942597
0.186694 22.080452
0.188746 22.213279
0.190797 22.341129
0.192849 22.464055
0.194901 22.582105
0.196952 22.695325
0.199004 22.803753
0.201055 22.907420
0.203107 23.006350

0.203107 23.006350
0.205158 22.913321
0.207210 22.827079
0.209262 22.747175
0.211313 22.673136
0.213365 22.604474
0.215416 22.540688
0.217468 22.481273
0.219520 22.425722
0.221571 22.373531
0.223623 22.324209
0.225674 22.277276
0.227726 22.232273
0.229777 22.188764
0.231829 22.146337
0.233881 22.104613
0.235932 22.063245
0.237984 22.021922
0.240035 21.980370
0.242087 21.938356
0.244139 21.895687
0.246190 21.852214
0.248242 21.807830
0.250293 21.762467
0.252345 21.716105
0.254397 21.668761
0.256448 21.620494
0.258500 21.571402
0.260551 21.521617
0.262603 21.471309
0.264655 21.420675
0.266706 21.369945
0.268758 21.319371
0.270809 21.269226
0.272861 21.219803
0.274912 21.171407
0.276964 21.124352
0.279016 21.078958
0.281067 21.035545
0.283119 20.994428
0.285170 20.955918
0.287222 20.920309
0.289274 20.887882
0.291325 20.858896
0.293377 20.833587
0.295428 20.812163
0.297480 20.794802
0.299531 20.781651
0.301583 20.772822
0.303635 20.768388
0.305686 20.768388
0.307738 20.772822
0.309789 20.781651
0.311841 20.794802
0.313893 20.812163
0.315944 20.833587
0.317996 20.858896
0.320047 20.887882
0.322099 20.920309
0.324150 20.955918
0.326202 20.994428
0.328254 21.035545
0.330305 21.078958
0.332357 21.124352
0.334408 21.171407
0.336460 21.219803
0.338512 21.269226
0.340563 21.319371
0.342615 21.369945
0.344666 21.420675
0.346718 21.471309
0.348770 21.521617
0.350821 21.571402
0.352873 21.620494
0.354924 21.668761
0.356976 21.716105
0.359027 21.762467
0.361079 21.807830
0.363131 21.852214
0.365182 21.895687
0.367234 21.938356
0.369285 21.980370
0.371337 22.021922
0.373389 22.063245
0.375440 22.104613
0.377492 22.146337
0.379543 22.188764
0.381595 22.232273
0.383646 22.277276
0.385698 22.324209
0.387750 22.373531
0.389801 22.425722
0.391853 22.481273
0.393904 22.540688
0.395956 22.604474
0.398008 22.673136
0.400059 22.747175
0.402111 22.827079
0.404162 22.913321
0.406214 23.006350

0.406214 23.006350
0.408265 22.907420
0.410317 22.803753
0.412369 22.695325
0.414420 22.582105
0.416472 22.464055
0.418523 22.341129
0.420575 22.213279
0.422627 22.080452
0.424678 21.942597
0.426730 21.799661
0.428781 21.651595
0.430833 21.498354
0.432884 21.339901
0.434936 21.176204
0.436988 21.007244
0.439039 20.833013
0.441091 20.653516
0.443142 20.468773
0.445194 20.278822
0.447246 20.083718
0.449297 19.883537
0.451349 19.678373
0.453400 19.468342
0.455452 19.253582
0.457504 19.034252
0.459555 18.810532
0.461607 18.582621
0.463658 18.350742
0.465710 18.115130
0.467761 17.876043
0.469813 17.633749
0.471865 17.388531
0.473916 17.140681
0.475968 16.890497
0.478019 16.638283
0.480071 16.384345
0.482123 16.128986
0.484174 15.872504
0.486226 15.615191
0.488277 15.357329
0.490329 15.099184
0.492380 14.841010
0.494432 14.583041
0.496484 14.325493
0.498535 14.068558
0.500587 13.812408
0.502638 13.557187
0.504690 13.303018
0.506741 13.049994
0.508793 12.798185
0.510845 12.547634
0.512896 12.298359
0.514948 12.050350
0.516999 11.803578
0.519051 11.557985
0.521103 11.313494
0.523154 11.070009
0.525206 10.827414
0.527257 10.585574
0.529309 10.344343
0.531361 10.103559
0.533412 9.863053
0.535464 9.622645
0.537515 9.382150
0.539567 9.141379
0.541618 8.900142
0.543670 8.658248
0.545722 8.415511
0.547773 8.171749
0.549825 7.926786
0.551876 7.680454
0.553928 7.432597
0.555979 7.183068
0.558031 6.931735
0.560083 6.678480
0.562134 6.423198
0.564186 6.165802
0.566237 5.906220
0.568289 5.644398
0.570341 5.380299
0.572392 5.113903
0.574444 4.845209
0.576495 4.574231
0.578547 4.301004
0.580599 4.025575
0.582650 3.748011
0.584702 3.468393
0.586753 3.186818
0.588805 2.903396
0.590857 2.618250
0.592908 2.331517
0.594960 2.043344
0.597011 1.753888
0.599063 1.463316
0.601114 1.171801
0.603166 0.879524
0.605218 0.586671
0.607269 0.293432
0.609321 -0.000829


0.000000 -0.000784
0.002052 0.556177
0.004103 1.112125
0.006155 1.667616
0.008206 2.222423
0.010258 2.776321
0.012309 3.329086
0.014361 3.880497
0.016413 4.430337
0.018464 4.978391
0.020516 5.524450
0.022567 6.068310
0.024619 6.609768
0.026671 7.148632
0.028722 7.684712
0.030774 8.217827
0.032825 8.747800
0.034877 9.274465
0.036929 9.797660
0.038980 10.317233
0.041032 10.833041
0.043083 11.344947
0.045135 11.852825
0.047186 12.356559
0.049238 12.856041
0.051290 13.351174
0.053341 13.841870
0.055393 14.328052
0.057444 14.809655
0.059496 15.286624
0.061548 15.758914
0.063599 16.226492
0.065651 16.689339
0.067702 17.147443
0.069754 17.600809
0.071805 18.049449
0.073857 18.493391
0.075909 18.932674
0.077960 19.367348
0.080012 19.797476
0.082063 20.223134
0.084115 20.644410
0.086167 21.061403
0.088218 21.474224
0.090270 21.882996
0.092321 22.287854
0.094373 22.688942
0.096424 23.086416
0.098476 23.480441
0.100528 23.871191
0.102579 24.258848
0.104631 24.643600
0.106682 25.025642
0.108734 25.405173
0.110786 25.782394
0.112837 26.157506
0.114889 26.530712
0.116940 26.902207
0.118992 27.272182
0.121043 27.640820
0.123095 28.008291
0.125147 28.374748
0.127198 28.740328
0.129250 29.105143
0.131301 29.469282
0.133353 29.832800
0.135405 29.792762
0.137456 29.577498
0.139508 29.352342
0.141559 29.118619
0.143611 28.877643
0.145663 28.630708
0.147714 28.379078
0.149766 28.123985
0.151817 27.866624
0.153869 27.608145
0.155920 27.349649
0.157972 27.092188
0.160024 26.836757
0.162075 26.584291
0.164127 26.335666
0.166178 26.091692
0.168230 25.853116
0.170282 25.620614
0.172333 25.394793
0.174385 25.176191
0.176436 24.965272
0.178488 24.762429
0.180539 24.567985
0.182591 24.382189
0.184643 24.205218
0.186694 24.037181
0.188746 23.878120
0.190797 23.728009
0.192849 23.586760
0.194901 23.454223
0.196952 23.330195
0.199004 23.214418
0.201055 23.106586
0.203107 23.006350

0.203107 23.006350
0.205158 23.100552
0.207210 23.190026
0.209262 23.274758
0.211313 23.354717
0.213365 23.429857
0.215416 23.500110
0.217468 23.565393
0.219520 23.625597
0.221571 23.680591
0.223623 23.730220
0.225674 23.774301
0.227726 23.812625
0.229777 23.844953
0.231829 23.871016
0.233881 23.890517
0.235932 23.903126
0.237984 23.908489
0.240035 23.906223
0.242087 23.895928
0.244139 23.877186
0.246190 23.849578
0.248242 23.812690
0.250293 23.766134
0.252345 23.709564
0.254397 23.642702
0.256448 23.565365
0.258500 23.477493
0.260551 23.379179
0.262603 23.270696
0.264655 23.152526
0.266706 23.025374
0.268758 22.890179
0.270809 22.748115
0.272861 22.600575
0.274912 22.449153
0.276964 22.295610
0.279016 22.141838
0.281067 21.989813
0.283119 21.841555
0.285170 21.699082
0.287222 21.564366
0.289274 21.439295
0.291325 21.325638
0.293377 21.225010
0.295428 21.138848
0.297480 21.068386
0.299531 21.014635
0.301583 20.978366
0.303635 20.960100
0.305686 20.960100
0.307738 20.978366
0.309789 21.014635
0.311841 21.068386
0.313893 21.138848
0.315944 21.225010
0.317996 21.325638
0.320047 21.439295
0.322099 21.564366
0.324150 21.699082
0.326202 21.841555
0.328254 21.989813
0.330305 22.141838
0.332357 22.295610
0.334408 22.449153
0.336460 22.600575
0.338512 22.748115
0.340563 22.890179
0.342615 23.025374
0.344666 23.152526
0.346718 23.270696
0.348770 23.379179
0.350821 23.477493
0.352873 23.565365
0.354924 23.642702
0.356976 23.709564
0.359027 23.766134
0.361079 23.812690
0.363131 23.849578
0.365182 23.877186
0.367234 23.895928
0.369285 23.906223
0.371337 23.908489
0.373389 23.903126
0.375440 23.890517
0.377492 23.871016
0.379543 23.844953
0.381595 23.812625
0.383646 23.774301
0.385698 23.730220
0.387750 23.680591
0.389801 23.625597
0.391853 23.565393
0.393904 23.500110
0.395956 23.429857
0.398008 23.354717
0.400059 23.274758
0.402111 23.190026
0.404162 23.100552
0.406214 23.006350

0.406214 23.006350
0.408265 23.106586
0.410317 23.214418
0.412369 23.330195
0.414420 23.454223
0.416472 23.586760
0.418523 23.728009
0.420575 23.878120
0.422627 24.037181
0.424678 24.205218
0.426730 24.382189
0.428781 24.567985
0.430833 24.762430
0.432884 24.965272
0.434936 25.176191
0.436988 25.394793
0.439039 25.620614
0.441091 25.853116
0.443142 26.091693
0.445194 26.335666
0.447246 26.584291
0.449297 26.836757
0.451349 27.092188
0.453400 27.349649
0.455452 27.608145
0.457504 27.866624
0.459555 28.123985
0.461607 28.379078
0.463658 28.630708
0.465710 28.877643
0.467761 29.118619
0.469813 29.352342
0.471865 29.577498
0.473916 29.792762
0.475968 29.832800
0.478019 29.469282
0.480071 29.105143
0.482123 28.740328
0.484174 28.374748
0.486226 28.008291
0.488277 27.640820
0.490329 27.272182
0.492380 26.902207
0.494432 26.530712
0.496484 26.157506
0.498535 25.782394
0.500587 25.405173
0.502638 25.025642
0.504690 24.643600
0.506741 24.258848
0.508793 23.871191
0.510845 23.480441
0.512896 23.086416
0.514948 22.688942
0.516999 22.287854
0.519051 21.882996
0.521103 21.474224
0.523154 21.061403
0.525206 20.644410
0.527257 20.223134
0.529309 19.797476
0.531361 19.367348
0.533412 18.932674
0.535464 18.493391
0.537515 18.049449
0.539567 17.600809
0.541618 17.147443
0.543670 16.689339
0.545722 16.226492
0.547773 15.758914
0.549825 15.286624
0.551876 14.809655
0.553928 14.328052
0.555979 13.841870
0.558031 13.351174
0.560083 12.856041
0.562134 12.356559
0.564186 11.852825
0.566237 11.344947
0.568289 10.833041
0.570341 10.317233
0.572392 9.797660
0.574444 9.274465
0.576495 8.747800
0.578547 8.217827
0.580599 7.684712
0.582650 7.148632
0.584702 6.609768
0.586753 6.068310
0.588805 5.524450
0.590857 4.978391
0.592908 4.430337
0.594960 3.880497
0.597011 3.329086
0.599063 2.776321
0.601114 2.222423
0.603166 1.667616
0.605218 1.112125
0.607269 0.556177
0.609321 -0.000784


0.000000 0.000829
0.002052 0.878983
0.004103 1.757336
0.006155 2.634429
0.008206 3.509633
0.010258 4.382318
0.012309 5.251853
0.014361 6.117609
0.016413 6.978956
0.018464 7.835265
0.020516 8.685906
0.022567 9.530249
0.024619 10.367663
0.026671 11.197519
0.028722 12.019187
0.030774 12.832034
0.032825 13.635430
0.034877 14.428743
0.036929 15.211341
0.038980 15.982589
0.041032 16.741854
0.043083 17.488501
0.045135 18.221892
0.047186 18.941392
0.049238 19.646362
0.051290 20.336163
0.053341 21.010156
0.055393 21.667700
0.057444 22.308155
0.059496 22.930884
0.061548 23.535248
0.063599 24.120613
0.065651 24.686347
0.067702 25.231825
0.069754 25.756429
0.071805 26.259551
0.073857 26.740596
0.075909 27.198984
0.077960 27.634154
0.080012 28.045571
0.082063 28.432727
0.084115 28.795149
0.086167 29.132401
0.088218 29.444096
0.090270 29.729897
0.092321 29.989527
0.094373 30.222775
0.096424 30.429501
0.098476 30.609646
0.100528 30.763233
0.102579 30.890378
0.104631 30.991291
0.106682 31.066279
0.108734 31.115752
0.110786 31.140217
0.112837 31.140286
0.114889 31.116666
0.116940 31.070159
0.118992 31.001659
0.121043 30.912141
0.123095 30.802658
0.125147 30.674328
0.127198 30.528330
0.129250 30.365893
0.131301 30.188284
0.133353 29.996801
0.135405 30.195719
0.137456 30.558024
0.139508 30.919653
0.141559 31.280501
0.143611 31.640410
0.145663 31.999167
0.147714 32.356501
0.149766 32.712078
0.151817 33.065499
0.153869 33.416297
0.155920 33.763935
0.157972 34.107804
0.160024 34.447224
0.162075 34.781440
0.164127 35.109628
0.166178 35.430890
0.168230 35.744264
0.170282 36.048723
0.172333 36.343184
0.174385 36.626514
0.176436 36.897538
0.178488 37.155049
0.180539 37.397828
0.182591 37.624647
0.184643 37.834295
0.186694 38.025593
0.188746 38.197412
0.190797 38.348693
0.192849 38.478471
0.194901 38.585888
0.196952 38.670218
0.199004 38.730878
0.201055 38.767444
0.203107 38.779660

0.203107 38.779660
0.205158 38.767446
0.207210 38.730898
0.209262 38.670288
0.211313 38.586059
0.213365 38.478816
0.215416 38.349317
0.217468 38.198461
0.219520 38.027273
0.221571 37.836894
0.223623 37.628566
0.225674 37.403620
0.227726 37.163466
0.229777 36.909581
0.231829 36.643504
0.233881 36.366825
0.235932 36.081182
0.237984 35.788252
0.240035 35.489747
0.242087 35.187405
0.244139 34.882986
0.246190 34.578260
0.248242 34.274995
0.250293 33.974942
0.252345 33.679819
0.254397 33.391287
0.256448 33.110921
0.258500 32.840191
0.260551 32.580424
0.262603 32.332784
0.264655 32.098241
0.266706 31.877557
0.268758 31.671273
0.270809 31.479706
0.272861 31.302959
0.274912 31.140939
0.276964 30.993378
0.279016 30.859870
0.281067 30.739898
0.283119 30.632873
0.285170 30.538161
0.287222 30.455117
0.289274 30.383109
0.291325 30.321535
0.293377 30.269845
0.295428 30.227548
0.297480 30.194227
0.299531 30.169539
0.301583 30.153226
0.303635 30.145113
0.305686 30.145113
0.307738 30.153226
0.309789 30.169539
0.311841 30.194227
0.313893 30.227548
0.315944 30.269845
0.317996 30.321535
0.320047 30.383109
0.322099 30.455117
0.324150 30.538161
0.326202 30.632873
0.328254 30.739898
0.330305 30.859870
0.332357 30.993378
0.334408 31.140939
0.336460 31.302959
0.338512 31.479706
0.340563 31.671273
0.342615 31.877557
0.344666 32.098241
0.346718 32.332784
0.348770 32.580424
0.350821 32.840191
0.352873 33.110921
0.354924 33.391287
0.356976 33.679819
0.359027 33.974942
0.361079 34.274995
0.363131 34.578260
0.365182 34.882986
0.367234 35.187405
0.369285 35.489747
0.371337 35.788252
0.373389 36.081182
0.375440 36.366825
0.377492 36.643504
0.379543 36.909581
0.381595 37.163466
0.383646 37.403620
0.385698 37.628566
0.387750 37.836894
0.389801 38.027273
0.391853 38.198461
0.393904 38.349317
0.395956 38.478816
0.398008 38.586059
0.400059 38.670288
0.402111 38.730898
0.404162 38.767446
0.406214 38.779660

0.406214 38.779660
0.408265 38.767444
0.410317 38.730878
0.412369 38.670218
0.414420 38.585888
0.416472 38.478471
0.418523 38.348693
0.420575 38.197412
0.422627 38.025593
0.424678 37.834295
0.426730 37.624647
0.428781 37.397828
0.430833 37.155049
0.432884 36.897538
0.434936 36.626514
0.436988 36.343184
0.439039 36.048723
0.441091 35.744264
0.443142 35.430890
0.445194 35.109628
0.447246 34.781440
0.449297 34.447224
0.451349 34.107804
0.453400 33.763935
0.455452 33.416297
0.457504 33.065499
0.459555 32.712078
0.461607 32.356501
0.463658 31.999167
0.465710 31.640410
0.467761 31.280501
0.469813 30.919653
0.471865 30.558024
0.473916 30.195719
0.475968 29.996801
0.478019 30.188284
0.480071 30.365893
0.482123 30.528330
0.484174 30.674328
0.486226 30.802658
0.488277 30.912141
0.490329 31.001659
0.492380 31.070159
0.494432 31.116666
0.496484 31.140286
0.498535 31.140217
0.500587 31.115752
0.502638 31.066279
0.504690 30.991291
0.506741 30.890378
0.508793 30.763233
0.510845 30.609646
0.512896 30.429501
0.514948 30.222775
0.516999 29.989527
0.519051 29.729897
0.521103 29.444096
0.523154 29.132401
0.525206 28.795149
0.527257 28.432727
0.529309 28.045571
0.531361 27.634154
0.533412 27.198984
0.535464 26.740596
0.537515 26.259551
0.539567 25.756429
0.541618 25.231825
0.543670 24.686347
0.545722 24.120613
0.547773 23.535248
0.549825 22.930884
0.551876 22.308156
0.553928 21.667700
0.555979 21.010156
0.558031 20.336163
0.560083 19.646362
0.562134 18.941392
0.564186 18.221892
0.566237 17.488501
0.568289 16.741854
0.570341 15.982589
0.572392 15.211341
0.574444 14.428743
0.576495 13.635430
0.578547 12.832034
0.580599 12.019187
0.582650 11.197520
0.584702 10.367663
0.586753 9.530249
0.588805 8.685906
0.590857 7.835266
0.592908 6.978957
0.594960 6.117609
0.597011 5.251853
0.599063 4.382318
0.601114 3.509633
0.603166 2.634430
0.605218 1.757336
0.607269 0.878983
0.609321 0.000829


0.000000 70.393554
0.002052 70.390738
0.004103 70.382291
0.006155 70.368216
0.008206 70.348521
0.010258 70.323215
0.012309 70.292309
0.014361 70.255818
0.016413 70.213760
0.018464 70.166155
0.020516 70.113029
0.022567 70.054409
0.024619 69.990328
0.026671 69.920821
0.028722 69.845930
0.030774 69.765701
0.032825 69.680186
0.034877 69.589443
0.036929 69.493538
0.038980 69.392543
0.041032 69.286540
0.043083 69.175620
0.045135 69.059885
0.047186 68.939448
0.049238 68.814435
0.051290 68.684988
0.053341 68.551261
0.055393 68.413428
0.057444 68.271682
0.059496 68.126233
0.061548 67.977316
0.063599 67.825186
0.065651 67.670126
0.067702 67.512441
0.069754 67.352465
0.071805 67.190558
0.073857 67.027108
0.075909 66.862530
0.077960 66.697263
0.080012 66.531775
0.082063 66.366552
0.084115 66.202103
0.086167 66.038951
0.088218 65.877629
0.090270 65.718679
0.092321 65.562637
0.094373 65.410038
0.096424 65.261397
0.098476 65.117210
0.100528 64.977943
0.102579 64.844025
0.104631 64.715843
0.106682 64.593733
0.108734 64.477975
0.110786 64.368793
0.112837 64.266349
0.114889 64.170740
0.116940 64.082001
0.118992 64.000107
0.121043 63.924973
0.123095 63.856459
0.125147 63.794374
0.127198 63.738483
0.129250 63.688513
0.131301 63.644159
0.133353 63.605089
0.135405 63.570956
0.137456 63.541395
0.139508 63.516039
0.141559 63.494518
0.143611 63.476467
0.145663 63.461529
0.147714 63.449357
0.149766 63.439623
0.151817 63.432013
0.153869 63.426235
0.155920 63.422017
0.157972 63.419110
0.160024 63.417285
0.162075 63.416337
0.164127 63.416085
0.166178 63.416367
0.168230 63.417044
0.170282 63.417993
0.172333 63.419115
0.174385 63.420326
0.176436 63.421557
0.178488 63.422754
0.180539 63.423879
0.182591 63.424903
0.184643 63.425807
0.186694 63.426582
0.188746 63.427227
0.190797 63.427744
0.192849 63.428144
0.194901 63.428437
0.196952 63.428638
0.199004 63.428763
0.201055 63.428827
0.203107 63.428846

0.203107 63.428846
0.205158 63.428831
0.207210 63.428795
0.209262 63.428744
0.211313 63.428681
0.213365 63.428606
0.215416 63.428512
0.217468 63.428386
0.219520 63.428208
0.221571 63.427953
0.223623 63.427587
0.225674 63.427066
0.227726 63.426338
0.229777 63.425343
0.231829 63.424008
0.233881 63.422254
0.235932 63.419990
0.237984 63.417119
0.240035 63.413544
0.242087 63.409170
0.244139 63.403914
0.246190 63.397722
0.248242 63.390579
0.250293 63.382527
0.252345 63.373672
0.254397 63.364184
0.256448 63.354292
0.258500 63.344256
0.260551 63.334352
0.262603 63.324841
0.264655 63.315953
0.266706 63.307876
0.268758 63.300746
0.270809 63.294654
0.272861 63.289642
0.274912 63.285714
0.276964 63.282837
0.279016 63.280948
0.281067 63.279962
0.283119 63.279772
0.285170 63.280254
0.287222 63.281274
0.289274 63.282690
0.291325 63.284355
0.293377 63.286124
0.295428 63.287855
0.297480 63.289418
0.299531 63.290700
0.301583 63.291608
0.303635 63.292079
0.305686 63.292079
0.307738 63.291608
0.309789 63.290700
0.311841 63.289418
0.313893 63.287855
0.315944 63.286124
0.317996 63.284355
0.320047 63.282690
0.322099 63.281274
0.324150 63.280254
0.326202 63.279772
0.328254 63.279962
0.330305 63.280948
0.332357 63.282837
0.334408 63.285714
0.336460 63.289642
0.338512 63.294654
0.340563 63.300746
0.342615 63.307876
0.344666 63.315953
0.346718 63.324841
0.348770 63.334352
0.350821 63.344256
0.352873 63.354292
0.354924 63.364184
0.356976 63.373672
0.359027 63.382527
0.361079 63.390579
0.363131 63.397722
0.365182 63.403914
0.367234 63.409170
0.369285 63.413544
0.371337 63.417119
0.373389 63.419990
0.375440 63.422254
0.377492 63.424008
0.379543 63.425343
0.381595 63.426338
0.383646 63.427066
0.385698 63.427587
0.387750 63.427953
0.389801 63.428208
0.391853 63.428386
0.393904 63.428512
0.395956 63.428606
0.398008 63.428681
0.400059 63.428744
0.402111 63.428795
0.404162 63.428831
0.406214 63.428846

0.406214 63.428846
0.408265 63.428827
0.410317 63.428763
0.412369 63.428638
0.414420 63.428437
0.416472 63.428144
0.418523 63.427744
0.420575 63.427227
0.422627 63.426582
0.424678 63.425807
0.426730 63.424903
0.428781 63.423879
0.430833 63.422754
0.432884 63.421557
0.434936 63.420326
0.436988 63.419115
0.439039 63.417993
0.441091 63.417044
0.443142 63.416367
0.445194 63.416085
0.447246 63.416337
0.449297 63.417285
0.451349 63.419110
0.453400 63.422017
0.455452 63.426235
0.457504 63.432013
0.459555 63.439623
0.461607 63.449357
0.463658 63.461529
0.465710 63.476467
0.467761 63.494518
0.469813 63.516039
0.471865 63.541395
0.473916 63.570956
0.475968 63.605089
0.478019 63.644159
0.480071 63.688513
0.482123 63.738483
0.484174 63.794374
0.486226 63.856459
0.488277 63.924973
0.490329 64.000107
0.492380 64.082001
0.494432 64.170740
0.496484 64.266349
0.498535 64.368793
0.500587 64.477975
0.502638 64.593733
0.504690 64.715843
0.506741 64.844025
0.508793 64.977943
0.510845 65.117210
0.512896 65.261397
0.514948 65.410038
0.516999 65.562637
0.519051 65.718679
0.521103 65.877629
0.523154 66.038951
0.525206 66.202103
0.527257 66.366552
0.529309 66.531775
0.531361 66.697263
0.533412 66.862530
0.535464 67.027108
0.537515 67.190558
0.539567 67.352465
0.541618 67.512441
0.543670 67.670126
0.545722 67.825186
0.547773 67.977316
0.549825 68.126233
0.551876 68.271682
0.553928 68.413428
0.555979 68.551261
0.558031 68.684988
0.560083 68.814435
0.562134 68.939448
0.564186 69.059885
0.566237 69.175620
0.568289 69.286540
0.570341 69.392543
0.572392 69.493538
0.574444 69.589443
0.576495 69.680186
0.578547 69.765701
0.580599 69.845930
0.582650 69.920821
0.584702 69.990328
0.586753 70.054409
0.588805 70.113029
0.590857 70.166155
0.592908 70.213760
0.594960 70.255818
0.597011 70.292309
0.599063 70.323215
0.601114 70.348521
0.603166 70.368216
0.605218 70.382291
0.607269 70.390738
0.609321 70.393554


0.000000 70.393554
0.002052 70.393425
0.004103 70.393038
0.006155 70.392391
0.008206 70.391479
0.010258 70.390297
0.012309 70.388837
0.014361 70.387091
0.016413 70.385046
0.018464 70.382691
0.020516 70.380008
0.022567 70.376981
0.024619 70.373587
0.026671 70.369804
0.028722 70.365605
0.030774 70.360959
0.032825 70.355834
0.034877 70.350192
0.036929 70.343993
0.038980 70.337192
0.041032 70.329740
0.043083 70.321584
0.045135 70.312666
0.047186 70.302924
0.049238 70.292293
0.051290 70.280703
0.053341 70.268076
0.055393 70.254336
0.057444 70.239398
0.059496 70.223174
0.061548 70.205573
0.063599 70.186500
0.065651 70.165857
0.067702 70.143543
0.069754 70.119452
0.071805 70.093479
0.073857 70.065515
0.075909 70.035451
0.077960 70.003177
0.080012 69.968579
0.082063 69.931550
0.084115 69.891977
0.086167 69.849752
0.088218 69.804769
0.090270 69.756924
0.092321 69.706115
0.094373 69.652248
0.096424 69.595230
0.098476 69.534974
0.100528 69.471403
0.102579 69.404443
0.104631 69.334030
0.106682 69.260109
0.108734 69.182634
0.110786 69.101571
0.112837 69.016896
0.114889 68.928600
0.116940 68.836686
0.118992 68.741171
0.121043 68.642091
0.123095 68.539496
0.125147 68.433457
0.127198 68.324062
0.129250 68.211422
0.131301 68.095671
0.133353 67.976964
0.135405 67.855485
0.137456 67.731445
0.139508 67.605080
0.141559 67.476663
0.143611 67.346495
0.145663 67.214914
0.147714 67.082293
0.149766 66.949045
0.151817 66.815623
0.153869 66.682522
0.155920 66.550281
0.157972 66.419484
0.160024 66.290762
0.162075 66.164792
0.164127 66.042299
0.166178 65.924055
0.168230 65.810874
0.170282 65.703617
0.172333 65.603179
0.174385 65.510492
0.176436 65.426511
0.178488 65.352212
0.180539 65.288576
0.182591 65.236581
0.184643 65.197184
0.186694 65.171310
0.188746 65.159832
0.190797 65.163553
0.192849 65.183191
0.194901 65.219362
0.196952 65.272561
0.199004 65.343151
0.201055 65.431352
0.203107 65.537233

0.203107 65.537233
0.205158 65.423943
0.207210 65.313517
0.209262 65.206017
0.211313 65.101507
0.213365 65.000058
0.215416 64.901748
0.217468 64.806656
0.219520 64.714869
0.221571 64.626476
0.223623 64.541568
0.225674 64.460240
0.227726 64.382589
0.229777 64.308713
0.231829 64.238710
0.233881 64.172681
0.235932 64.110722
0.237984 64.052927
0.240035 63.999378
0.242087 63.950144
0.244139 63.905267
0.246190 63.864749
0.248242 63.828542
0.250293 63.796527
0.252345 63.768510
0.254397 63.744222
0.256448 63.723325
0.258500 63.705436
0.260551 63.690153
0.262603 63.677075
0.264655 63.665831
0.266706 63.656082
0.268758 63.647538
0.270809 63.639952
0.272861 63.633123
0.274912 63.626889
0.276964 63.621125
0.279016 63.615739
0.281067 63.610667
0.283119 63.605872
0.285170 63.601337
0.287222 63.597068
0.289274 63.593086
0.291325 63.589429
0.293377 63.586143
0.295428 63.583283
0.297480 63.580905
0.299531 63.579066
0.301583 63.577810
0.303635 63.577174
0.305686 63.577174
0.307738 63.577810
0.309789 63.579066
0.311841 63.580905
0.313893 63.583283
0.315944 63.586143
0.317996 63.589429
0.320047 63.593086
0.322099 63.597068
0.324150 63.601337
0.326202 63.605872
0.328254 63.610667
0.330305 63.615739
0.332357 63.621125
0.334408 63.626889
0.336460 63.633123
0.338512 63.639952
0.340563 63.647538
0.342615 63.656082
0.344666 63.665831
0.346718 63.677075
0.348770 63.690153
0.350821 63.705436
0.352873 63.723325
0.354924 63.744222
0.356976 63.768510
0.359027 63.796527
0.361079 63.828542
0.363131 63.864749
0.365182 63.905267
0.367234 63.950144
0.369285 63.999378
0.371337 64.052927
0.373389 64.110722
0.375440 64.172681
0.377492 64.238710
0.379543 64.308713
0.381595 64.382589
0.383646 64.460240
0.385698 64.541568
0.387750 64.626476
0.389801 64.714869
0.391853 64.806656
0.393904 64.901748
0.395956 65.000058
0.398008 65.101507
0.400059 65.206017
0.402111 65.313517
0.404162 65.423943
0.406214 65.537233

0.406214 65.537233
0.408265 65.431352
0.410317 65.343151
0.412369 65.272561
0.414420 65.219362
0.416472 65.183191
0.418523 65.163553
0.420575 65.159832
0.422627 65.171310
0.424678 65.197184
0.426730 65.236581
0.428781 65.288576
0.430833 65.352212
0.432884 65.426511
0.434936 65.510492
0.436988 65.603179
0.439039 65.703617
0.441091 65.810874
0.443142 65.924055
0.445194 66.042299
0.447246 66.164792
0.449297 66.290762
0.451349 66.419484
0.453400 66.550281
0.455452 66.682522
0.457504 66.815623
0.459555 66.949045
0.461607 67.082293
0.463658 67.214914
0.465710 67.346495
0.467761 67.476663
0.469813 67.605080
0.471865 67.731445
0.473916 67.855485
0.475968 67.976964
0.478019 68.095671
0.480071 68.211422
0.482123 68.324062
0.484174 68.433457
0.486226 68.539496
0.488277 68.642091
0.490329 68.741171
0.492380 68.836686
0.494432 68.928600
0.496484 69.016896
0.498535 69.101571
0.500587 69.182634
0.502638 69.260109
0.504690 69.334030
0.506741 69.404443
0.508793 69.471403
0.510845 69.534974
0.512896 69.595230
0.514948 69.652248
0.516999 69.706115
0.519051 69.756924
0.521103 69.804769
0.523154 69.849752
0.525206 69.891977
0.527257 69.931550
0.529309 69.968579
0.531361 70.003177
0.533412 70.035451
0.535464 70.065515
0.537515 70.093479
0.539567 70.119452
0.541618 70.143543
0.543670 70.165857
0.545722 70.186500
0.547773 70.205573
0.549825 70.223174
0.551876 70.239398
0.553928 70.254336
0.555979 70.268076
0.558031 70.280703
0.560083 70.292293
0.562134 70.302924
0.564186 70.312666
0.566237 70.321584
0.568289 70.329740
0.570341 70.337192
0.572392 70.343993
0.574444 70.350192
0.576495 70.355834
0.578547 70.360959
0.580599 70.365605
0.582650 70.369804
0.584702 70.373587
0.586753 70.376981
0.588805 70.380008
0.590857 70.382691
0.592908 70.385046
0.594960 70.387091
0.597011 70.388837
0.599063 70.390297
0.601114 70.391479
0.603166 70.392391
0.605218 70.393038
0.607269 70.393425
0.609321 70.393554


0.000000 88.489787
0.002052 88.481814
0.004103 88.457910
0.006155 88.418119
0.008206 88.362515
0.010258 88.291202
0.012309 88.204312
0.014361 88.102008
0.016413 87.984479
0.018464 87.851948
0.020516 87.704663
0.022567 87.542902
0.024619 87.366971
0.026671 87.177204
0.028722 86.973965
0.030774 86.757641
0.032825 86.528651
0.034877 86.287435
0.036929 86.034463
0.038980 85.770227
0.041032 85.495243
0.043083 85.210053
0.045135 84.915217
0.047186 84.611316
0.049238 84.298953
0.051290 83.978744
0.053341 83.651324
0.055393 83.317338
0.057444 82.977445
0.059496 82.632311
0.061548 82.282608
0.063599 81.929011
0.065651 81.572195
0.067702 81.212832
0.069754 80.851587
0.071805 80.489115
0.073857 80.126058
0.075909 79.763039
0.077960 79.400663
0.080012 79.039509
0.082063 78.680131
0.084115 78.323050
0.086167 77.968757
0.088218 77.617709
0.090270 77.270324
0.092321 76.926984
0.094373 76.588033
0.096424 76.253775
0.098476 75.924474
0.100528 75.600360
0.102579 75.281621
0.104631 74.968413
0.106682 74.660857
0.108734 74.359043
0.110786 74.063030
0.112837 73.772850
0.114889 73.488513
0.116940 73.210004
0.118992 72.937290
0.121043 72.670321
0.123095 72.409030
0.125147 72.153342
0.127198 71.903165
0.129250 71.658404
0.131301 71.418952
0.133353 71.184701
0.135405 70.955533
0.137456 70.731333
0.139508 70.511978
0.141559 70.297347
0.143611 70.087317
0.145663 69.881766
0.147714 69.680571
0.149766 69.483611
0.151817 69.290768
0.153869 69.101923
0.155920 68.916962
0.157972 68.735772
0.160024 68.558243
0.162075 68.384271
0.164127 68.213753
0.166178 68.046592
0.168230 67.882696
0.170282 67.721976
0.172333 67.564351
0.174385 67.409746
0.176436 67.258090
0.178488 67.109321
0.180539 66.963384
0.182591 66.820231
0.184643 66.679822
0.186694 66.542125
0.188746 66.407117
0.190797 66.274784
0.192849 66.145120
0.194901 66.018127
0.196952 65.893817
0.199004 65.772212
0.201055 65.653338
0.203107 65.537233

0.203107 65.537233
0.205158 65.660709
0.207210 65.801541
0.209262 65.959337
0.211313 66.133568
0.213365 66.323569
0.215416 66.528559
0.217468 66.747654
0.219520 66.979881
0.221571 67.224199
0.223623 67.479510
0.225674 67.744679
0.227726 68.018544
0.229777 68.299932
0.231829 68.587669
0.233881 68.880587
0.235932 69.177538
0.237984 69.477396
0.240035 69.779062
0.242087 70.081473
0.244139 70.383597
0.246190 70.684445
0.248242 70.983063
0.250293 71.278539
0.252345 71.570002
0.254397 71.856621
0.256448 72.137603
0.258500 72.412198
0.260551 72.679693
0.262603 72.939413
0.264655 73.190722
0.266706 73.433017
0.268758 73.665735
0.270809 73.888345
0.272861 74.100350
0.274912 74.301288
0.276964 74.490725
0.279016 74.668265
0.281067 74.833538
0.283119 74.986206
0.285170 75.125962
0.287222 75.252526
0.289274 75.365651
0.291325 75.465114
0.293377 75.550724
0.295428 75.622315
0.297480 75.679752
0.299531 75.722925
0.301583 75.751752
0.303635 75.766180
0.305686 75.766180
0.307738 75.751752
0.309789 75.722925
0.311841 75.679752
0.313893 75.622315
0.315944 75.550724
0.317996 75.465114
0.320047 75.365651
0.322099 75.252526
0.324150 75.125962
0.326202 74.986206
0.328254 74.833538
0.330305 74.668265
0.332357 74.490725
0.334408 74.301288
0.336460 74.100350
0.338512 73.888345
0.340563 73.665735
0.342615 73.433017
0.344666 73.190722
0.346718 72.939413
0.348770 72.679693
0.350821 72.412198
0.352873 72.137603
0.354924 71.856621
0.356976 71.570002
0.359027 71.278539
0.361079 70.983063
0.363131 70.684445
0.365182 70.383597
0.367234 70.081473
0.369285 69.779062
0.371337 69.477396
0.373389 69.177538
0.375440 68.880587
0.377492 68.587669
0.379543 68.299932
0.381595 68.018544
0.383646 67.744679
0.385698 67.479510
0.387750 67.224199
0.389801 66.979881
0.391853 66.747654
0.393904 66.528559
0.395956 66.323569
0.398008 66.133568
0.400059 65.959337
0.402111 65.801541
0.404162 65.660709
0.406214 65.537233

0.406214 65.537233
0.408265 65.653338
0.410317 65.772212
0.412369 65.893817
0.414420 66.018127
0.416472 66.145120
0.418523 66.274784
0.420575 66.407117
0.422627 66.542125
0.424678 66.679822
0.426730 66.820231
0.428781 66.963384
0.430833 67.109321
0.432884 67.258090
0.434936 67.409746
0.436988 67.564351
0.439039 67.721976
0.441091 67.882696
0.443142 68.046592
0.445194 68.213753
0.447246 68.384271
0.449297 68.558243
0.451349 68.735772
0.453400 68.916962
0.455452 69.101923
0.457504 69.290768
0.459555 69.483611
0.461607 69.680571
0.463658 69.881766
0.465710 70.087317
0.467761 70.297347
0.469813 70.511978
0.471865 70.731333
0.473916 70.955533
0.475968 71.184701
0.478019 71.418952
0.480071 71.658404
0.482123 71.903165
0.484174 72.153342
0.486226 72.409030
0.488277 72.670321
0.490329 72.937290
0.492380 73.210004
0.494432 73.488513
0.496484 73.772850
0.498535 74.063030
0.500587 74.359043
0.502638 74.660857
0.504690 74.968413
0.506741 75.281621
0.508793 75.600360
0.510845 75.924474
0.512896 76.253775
0.514948 76.588033
0.516999 76.926984
0.519051 77.270324
0.521103 77.617709
0.523154 77.968757
0.525206 78.323050
0.527257 78.680131
0.529309 79.039509
0.531361 79.400663
0.533412 79.763039
0.535464 80.126058
0.537515 80.489115
0.539567 80.851587
0.541618 81.212832
0.543670 81.572195
0.545722 81.929011
0.547773 82.282608
0.549825 82.632311
0.551876 82.977445
0.553928 83.317338
0.555979 83.651324
0.558031 83.978744
0.560083 84.298953
0.562134 84.611316
0.564186 84.915217
0.566237 85.210053
0.568289 85.495243
0.570341 85.770227
0.572392 86.034463
0.574444 86.287435
0.576495 86.528651
0.578547 86.757641
0.580599 86.973965
0.582650 87.177204
0.584702 87.366971
0.586753 87.542902
0.588805 87.704663
0.590857 87.851948
0.592908 87.984479
0.594960 88.102008
0.597011 88.204312
0.599063 88.291202
0.601114 88.362515
0.603166 88.418119
0.605218 88.457910
0.607269 88.481814
0.609321 88.489787


