  18   18
1 1
    10.850326616705884     0.000000000000000    -0.000000000000000
     0.000000000000000    10.850326616705884    -0.000000000000000
    -0.000000000000000    -0.000000000000000    11.521721243076938
1 2
    -0.546819833990712    -0.100333334757630    -0.158479540583778
     0.100333334757630     0.400641685193089     0.444631553114570
     0.158479540583778     0.444631553114570     0.733873502983843
1 3
    -0.546819833990712     0.100333334757630     0.158479540583778
    -0.100333334757630     0.400641685193089     0.444631553114570
    -0.158479540583778     0.444631553114570     0.733873502983843
1 4
     0.163776304446628     0.309929537184956    -0.305822450518673
     0.510596207967564    -0.309954454511598    -0.359563083906156
    -0.464301989835103    -0.085068469208414     0.733873502983843
1 5
     0.163776304446628    -0.309929537184956     0.305822450518673
    -0.510596207967564    -0.309954454511598    -0.359563083906156
     0.464301989835103    -0.085068469208414     0.733873502983843
1 6
    -0.096859391011915    -0.000000000000000    -0.000000000000000
    -0.000000000000000    -0.096859391011915     0.000000000000000
     0.000000000000000    -0.000000000000000     0.110975823933927
1 7
     0.163776304446628     0.510596207967564    -0.464301989835103
     0.309929537184956    -0.309954454511598    -0.085068469208414
    -0.305822450518673    -0.359563083906156     0.733873502983843
1 8
    -0.096859391011915    -0.000000000000000     0.000000000000000
    -0.000000000000000    -0.096859391011915    -0.000000000000000
    -0.000000000000000     0.000000000000000     0.110975823933927
1 9
     0.163776304446628    -0.510596207967564     0.464301989835103
    -0.309929537184956    -0.309954454511598    -0.085068469208414
     0.305822450518673    -0.359563083906156     0.733873502983843
1 10
    -4.062348658829096     1.571003839801589     3.425293057689665
     1.571003839801589    -2.248309678307504    -1.977593869155035
     3.425293057689665    -1.977593869155035    -4.654333062955323
1 11
    -4.062348658829096    -1.571003839801589    -3.425293057689665
    -1.571003839801589    -2.248309678307504    -1.977593869155035
    -3.425293057689665    -1.977593869155035    -4.654333062955323
1 12
    -0.415268017791209    -0.000000000000000    -0.000000000000000
    -0.000000000000000    -0.190145891359838    -0.236134404906400
    -0.000000000000000    -0.236134404906400    -0.535856883229817
1 13
    -0.246426422967680     0.097480739993125     0.204498393171207
     0.097480739993125    -0.358987486183366     0.118067201819526
     0.204498393171207     0.118067201819526    -0.535856883229817
1 14
     0.082229497166256     0.000000000000000    -0.000000000000000
     0.000000000000000     0.021793824862615    -0.063413598901910
    -0.000000000000000    -0.063413598901910    -0.192114690942377
1 15
    -0.246426422967680    -0.097480739993125    -0.204498393171207
    -0.097480739993125    -0.358987486183366     0.118067201819526
    -0.204498393171207     0.118067201819526    -0.535856883229817
1 16
    -1.341290189314056    -0.000000000000000     0.000000000000000
    -0.000000000000000    -4.969368149089893     3.955187738310071
     0.000000000000000     3.955187738310071    -4.654333062955323
1 17
     0.036902743255363     0.026169413117819    -0.054917787919662
     0.026169413117819     0.067120580040857     0.031706799450955
    -0.054917787919662     0.031706799450955    -0.192114690942377
1 18
     0.036902743255363    -0.026169413117819     0.054917787919662
    -0.026169413117819     0.067120580040857     0.031706799450955
     0.054917787919662     0.031706799450955    -0.192114690942377
2 1
    -0.546819833990712     0.100333334757630     0.158479540583778
    -0.100333334757630     0.400641685193089     0.444631553114570
    -0.158479540583778     0.444631553114570     0.733873502983843
2 2
    10.850326616705884     0.000000000000000    -0.000000000000000
     0.000000000000000    10.850326616705884    -0.000000000000000
    -0.000000000000000    -0.000000000000000    11.521721243076938
2 3
    -0.546819833990712    -0.100333334757630    -0.158479540583778
     0.100333334757630     0.400641685193089     0.444631553114570
     0.158479540583778     0.444631553114570     0.733873502983843
2 4
    -0.096859391011915    -0.000000000000000    -0.000000000000000
    -0.000000000000000    -0.096859391011915     0.000000000000000
     0.000000000000000    -0.000000000000000     0.110975823933927
2 5
     0.163776304446628     0.309929537184956    -0.305822450518673
     0.510596207967564    -0.309954454511598    -0.359563083906156
    -0.464301989835103    -0.085068469208414     0.733873502983843
2 6
     0.163776304446628    -0.309929537184956     0.305822450518673
    -0.510596207967564    -0.309954454511598    -0.359563083906156
     0.464301989835103    -0.085068469208414     0.733873502983843
2 7
     0.163776304446628    -0.510596207967564     0.464301989835103
    -0.309929537184956    -0.309954454511598    -0.085068469208414
     0.305822450518673    -0.359563083906156     0.733873502983843
2 8
     0.163776304446628     0.510596207967564    -0.464301989835103
     0.309929537184956    -0.309954454511598    -0.085068469208414
    -0.305822450518673    -0.359563083906156     0.733873502983843
2 9
    -0.096859391011915    -0.000000000000000     0.000000000000000
    -0.000000000000000    -0.096859391011915    -0.000000000000000
    -0.000000000000000     0.000000000000000     0.110975823933927
2 10
    -0.415268017791209    -0.000000000000000    -0.000000000000000
    -0.000000000000000    -0.190145891359838    -0.236134404906400
    -0.000000000000000    -0.236134404906400    -0.535856883229817
2 11
    -4.062348658829096     1.571003839801589     3.425293057689665
     1.571003839801589    -2.248309678307504    -1.977593869155035
     3.425293057689665    -1.977593869155035    -4.654333062955323
2 12
    -4.062348658829096    -1.571003839801589    -3.425293057689665
    -1.571003839801589    -2.248309678307504    -1.977593869155035
    -3.425293057689665    -1.977593869155035    -4.654333062955323
2 13
    -0.246426422967680    -0.097480739993125    -0.204498393171207
    -0.097480739993125    -0.358987486183366     0.118067201819526
    -0.204498393171207     0.118067201819526    -0.535856883229817
2 14
    -0.246426422967680     0.097480739993125     0.204498393171207
     0.097480739993125    -0.358987486183366     0.118067201819526
     0.204498393171207     0.118067201819526    -0.535856883229817
2 15
     0.082229497166256     0.000000000000000    -0.000000000000000
     0.000000000000000     0.021793824862615    -0.063413598901910
    -0.000000000000000    -0.063413598901910    -0.192114690942377
2 16
     0.036902743255363    -0.026169413117819     0.054917787919662
    -0.026169413117819     0.067120580040857     0.031706799450955
     0.054917787919662     0.031706799450955    -0.192114690942377
2 17
    -1.341290189314056    -0.000000000000000     0.000000000000000
    -0.000000000000000    -4.969368149089893     3.955187738310071
     0.000000000000000     3.955187738310071    -4.654333062955323
2 18
     0.036902743255363     0.026169413117819    -0.054917787919662
     0.026169413117819     0.067120580040857     0.031706799450955
    -0.054917787919662     0.031706799450955    -0.192114690942377
3 1
    -0.546819833990712    -0.100333334757630    -0.158479540583778
     0.100333334757630     0.400641685193089     0.444631553114570
     0.158479540583778     0.444631553114570     0.733873502983843
3 2
    -0.546819833990712     0.100333334757630     0.158479540583778
    -0.100333334757630     0.400641685193089     0.444631553114570
    -0.158479540583778     0.444631553114570     0.733873502983843
3 3
    10.850326616705884     0.000000000000000    -0.000000000000000
     0.000000000000000    10.850326616705884    -0.000000000000000
    -0.000000000000000    -0.000000000000000    11.521721243076938
3 4
     0.163776304446628    -0.309929537184956     0.305822450518673
    -0.510596207967564    -0.309954454511598    -0.359563083906156
     0.464301989835103    -0.085068469208414     0.733873502983843
3 5
    -0.096859391011915    -0.000000000000000    -0.000000000000000
    -0.000000000000000    -0.096859391011915     0.000000000000000
     0.000000000000000    -0.000000000000000     0.110975823933927
3 6
     0.163776304446628     0.309929537184956    -0.305822450518673
     0.510596207967564    -0.309954454511598    -0.359563083906156
    -0.464301989835103    -0.085068469208414     0.733873502983843
3 7
    -0.096859391011915    -0.000000000000000     0.000000000000000
    -0.000000000000000    -0.096859391011915    -0.000000000000000
    -0.000000000000000     0.000000000000000     0.110975823933927
3 8
     0.163776304446628    -0.510596207967564     0.464301989835103
    -0.309929537184956    -0.309954454511598    -0.085068469208414
     0.305822450518673    -0.359563083906156     0.733873502983843
3 9
     0.163776304446628     0.510596207967564    -0.464301989835103
     0.309929537184956    -0.309954454511598    -0.085068469208414
    -0.305822450518673    -0.359563083906156     0.733873502983843
3 10
    -4.062348658829096    -1.571003839801589    -3.425293057689665
    -1.571003839801589    -2.248309678307504    -1.977593869155035
    -3.425293057689665    -1.977593869155035    -4.654333062955323
3 11
    -0.415268017791209    -0.000000000000000    -0.000000000000000
    -0.000000000000000    -0.190145891359838    -0.236134404906400
    -0.000000000000000    -0.236134404906400    -0.535856883229817
3 12
    -4.062348658829096     1.571003839801589     3.425293057689665
     1.571003839801589    -2.248309678307504    -1.977593869155035
     3.425293057689665    -1.977593869155035    -4.654333062955323
3 13
     0.082229497166256     0.000000000000000    -0.000000000000000
     0.000000000000000     0.021793824862615    -0.063413598901910
    -0.000000000000000    -0.063413598901910    -0.192114690942377
3 14
    -0.246426422967680    -0.097480739993125    -0.204498393171207
    -0.097480739993125    -0.358987486183366     0.118067201819526
    -0.204498393171207     0.118067201819526    -0.535856883229817
3 15
    -0.246426422967680     0.097480739993125     0.204498393171207
     0.097480739993125    -0.358987486183366     0.118067201819526
     0.204498393171207     0.118067201819526    -0.535856883229817
3 16
     0.036902743255363     0.026169413117819    -0.054917787919662
     0.026169413117819     0.067120580040857     0.031706799450955
    -0.054917787919662     0.031706799450955    -0.192114690942377
3 17
     0.036902743255363    -0.026169413117819     0.054917787919662
    -0.026169413117819     0.067120580040857     0.031706799450955
     0.054917787919662     0.031706799450955    -0.192114690942377
3 18
    -1.341290189314056    -0.000000000000000     0.000000000000000
    -0.000000000000000    -4.969368149089893     3.955187738310071
     0.000000000000000     3.955187738310071    -4.654333062955323
4 1
     0.163776304446628     0.510596207967564    -0.464301989835103
     0.309929537184956    -0.309954454511598    -0.085068469208414
    -0.305822450518673    -0.359563083906156     0.733873502983843
4 2
    -0.096859391011915    -0.000000000000000     0.000000000000000
    -0.000000000000000    -0.096859391011915    -0.000000000000000
    -0.000000000000000     0.000000000000000     0.110975823933927
4 3
     0.163776304446628    -0.510596207967564     0.464301989835103
    -0.309929537184956    -0.309954454511598    -0.085068469208414
     0.305822450518673    -0.359563083906156     0.733873502983843
4 4
    10.850326616705884     0.000000000000000    -0.000000000000000
     0.000000000000000    10.850326616705884    -0.000000000000000
    -0.000000000000000    -0.000000000000000    11.521721243076938
4 5
    -0.546819833990712    -0.100333334757630    -0.158479540583778
     0.100333334757630     0.400641685193089     0.444631553114570
     0.158479540583778     0.444631553114570     0.733873502983843
4 6
    -0.546819833990712     0.100333334757630     0.158479540583778
    -0.100333334757630     0.400641685193089     0.444631553114570
    -0.158479540583778     0.444631553114570     0.733873502983843
4 7
     0.163776304446628     0.309929537184956    -0.305822450518673
     0.510596207967564    -0.309954454511598    -0.359563083906156
    -0.464301989835103    -0.085068469208414     0.733873502983843
4 8
     0.163776304446628    -0.309929537184956     0.305822450518673
    -0.510596207967564    -0.309954454511598    -0.359563083906156
     0.464301989835103    -0.085068469208414     0.733873502983843
4 9
    -0.096859391011915    -0.000000000000000    -0.000000000000000
    -0.000000000000000    -0.096859391011915     0.000000000000000
     0.000000000000000    -0.000000000000000     0.110975823933927
4 10
    -1.341290189314056    -0.000000000000000     0.000000000000000
    -0.000000000000000    -4.969368149089893     3.955187738310071
     0.000000000000000     3.955187738310071    -4.654333062955323
4 11
     0.036902743255363     0.026169413117819    -0.054917787919662
     0.026169413117819     0.067120580040857     0.031706799450955
    -0.054917787919662     0.031706799450955    -0.192114690942377
4 12
     0.036902743255363    -0.026169413117819     0.054917787919662
    -0.026169413117819     0.067120580040857     0.031706799450955
     0.054917787919662     0.031706799450955    -0.192114690942377
4 13
    -4.062348658829096     1.571003839801589     3.425293057689665
     1.571003839801589    -2.248309678307504    -1.977593869155035
     3.425293057689665    -1.977593869155035    -4.654333062955323
4 14
    -4.062348658829096    -1.571003839801589    -3.425293057689665
    -1.571003839801589    -2.248309678307504    -1.977593869155035
    -3.425293057689665    -1.977593869155035    -4.654333062955323
4 15
    -0.415268017791209    -0.000000000000000    -0.000000000000000
    -0.000000000000000    -0.190145891359838    -0.236134404906400
    -0.000000000000000    -0.236134404906400    -0.535856883229817
4 16
    -0.246426422967680     0.097480739993125     0.204498393171207
     0.097480739993125    -0.358987486183366     0.118067201819526
     0.204498393171207     0.118067201819526    -0.535856883229817
4 17
     0.082229497166256     0.000000000000000    -0.000000000000000
     0.000000000000000     0.021793824862615    -0.063413598901910
    -0.000000000000000    -0.063413598901910    -0.192114690942377
4 18
    -0.246426422967680    -0.097480739993125    -0.204498393171207
    -0.097480739993125    -0.358987486183366     0.118067201819526
    -0.204498393171207     0.118067201819526    -0.535856883229817
5 1
     0.163776304446628    -0.510596207967564     0.464301989835103
    -0.309929537184956    -0.309954454511598    -0.085068469208414
     0.305822450518673    -0.359563083906156     0.733873502983843
5 2
     0.163776304446628     0.510596207967564    -0.464301989835103
     0.309929537184956    -0.309954454511598    -0.085068469208414
    -0.305822450518673    -0.359563083906156     0.733873502983843
5 3
    -0.096859391011915    -0.000000000000000     0.000000000000000
    -0.000000000000000    -0.096859391011915    -0.000000000000000
    -0.000000000000000     0.000000000000000     0.110975823933927
5 4
    -0.546819833990712     0.100333334757630     0.158479540583778
    -0.100333334757630     0.400641685193089     0.444631553114570
    -0.158479540583778     0.444631553114570     0.733873502983843
5 5
    10.850326616705884     0.000000000000000    -0.000000000000000
     0.000000000000000    10.850326616705884    -0.000000000000000
    -0.000000000000000    -0.000000000000000    11.521721243076938
5 6
    -0.546819833990712    -0.100333334757630    -0.158479540583778
     0.100333334757630     0.400641685193089     0.444631553114570
     0.158479540583778     0.444631553114570     0.733873502983843
5 7
    -0.096859391011915    -0.000000000000000    -0.000000000000000
    -0.000000000000000    -0.096859391011915     0.000000000000000
     0.000000000000000    -0.000000000000000     0.110975823933927
5 8
     0.163776304446628     0.309929537184956    -0.305822450518673
     0.510596207967564    -0.309954454511598    -0.359563083906156
    -0.464301989835103    -0.085068469208414     0.733873502983843
5 9
     0.163776304446628    -0.309929537184956     0.305822450518673
    -0.510596207967564    -0.309954454511598    -0.359563083906156
     0.464301989835103    -0.085068469208414     0.733873502983843
5 10
     0.036902743255363    -0.026169413117819     0.054917787919662
    -0.026169413117819     0.067120580040857     0.031706799450955
     0.054917787919662     0.031706799450955    -0.192114690942377
5 11
    -1.341290189314056    -0.000000000000000     0.000000000000000
    -0.000000000000000    -4.969368149089893     3.955187738310071
     0.000000000000000     3.955187738310071    -4.654333062955323
5 12
     0.036902743255363     0.026169413117819    -0.054917787919662
     0.026169413117819     0.067120580040857     0.031706799450955
    -0.054917787919662     0.031706799450955    -0.192114690942377
5 13
    -0.415268017791209    -0.000000000000000    -0.000000000000000
    -0.000000000000000    -0.190145891359838    -0.236134404906400
    -0.000000000000000    -0.236134404906400    -0.535856883229817
5 14
    -4.062348658829096     1.571003839801589     3.425293057689665
     1.571003839801589    -2.248309678307504    -1.977593869155035
     3.425293057689665    -1.977593869155035    -4.654333062955323
5 15
    -4.062348658829096    -1.571003839801589    -3.425293057689665
    -1.571003839801589    -2.248309678307504    -1.977593869155035
    -3.425293057689665    -1.977593869155035    -4.654333062955323
5 16
    -0.246426422967680    -0.097480739993125    -0.204498393171207
    -0.097480739993125    -0.358987486183366     0.118067201819526
    -0.204498393171207     0.118067201819526    -0.535856883229817
5 17
    -0.246426422967680     0.097480739993125     0.204498393171207
     0.097480739993125    -0.358987486183366     0.118067201819526
     0.204498393171207     0.118067201819526    -0.535856883229817
5 18
     0.082229497166256     0.000000000000000    -0.000000000000000
     0.000000000000000     0.021793824862615    -0.063413598901910
    -0.000000000000000    -0.063413598901910    -0.192114690942377
6 1
    -0.096859391011915    -0.000000000000000     0.000000000000000
    -0.000000000000000    -0.096859391011915    -0.000000000000000
    -0.000000000000000     0.000000000000000     0.110975823933927
6 2
     0.163776304446628    -0.510596207967564     0.464301989835103
    -0.309929537184956    -0.309954454511598    -0.085068469208414
     0.305822450518673    -0.359563083906156     0.733873502983843
6 3
     0.163776304446628     0.510596207967564    -0.464301989835103
     0.309929537184956    -0.309954454511598    -0.085068469208414
    -0.305822450518673    -0.359563083906156     0.733873502983843
6 4
    -0.546819833990712    -0.100333334757630    -0.158479540583778
     0.100333334757630     0.400641685193089     0.444631553114570
     0.158479540583778     0.444631553114570     0.733873502983843
6 5
    -0.546819833990712     0.100333334757630     0.158479540583778
    -0.100333334757630     0.400641685193089     0.444631553114570
    -0.158479540583778     0.444631553114570     0.733873502983843
6 6
    10.850326616705884     0.000000000000000    -0.000000000000000
     0.000000000000000    10.850326616705884    -0.000000000000000
    -0.000000000000000    -0.000000000000000    11.521721243076938
6 7
     0.163776304446628    -0.309929537184956     0.305822450518673
    -0.510596207967564    -0.309954454511598    -0.359563083906156
     0.464301989835103    -0.085068469208414     0.733873502983843
6 8
    -0.096859391011915    -0.000000000000000    -0.000000000000000
    -0.000000000000000    -0.096859391011915     0.000000000000000
     0.000000000000000    -0.000000000000000     0.110975823933927
6 9
     0.163776304446628     0.309929537184956    -0.305822450518673
     0.510596207967564    -0.309954454511598    -0.359563083906156
    -0.464301989835103    -0.085068469208414     0.733873502983843
6 10
     0.036902743255363     0.026169413117819    -0.054917787919662
     0.026169413117819     0.067120580040857     0.031706799450955
    -0.054917787919662     0.031706799450955    -0.192114690942377
6 11
     0.036902743255363    -0.026169413117819     0.054917787919662
    -0.026169413117819     0.067120580040857     0.031706799450955
     0.054917787919662     0.031706799450955    -0.192114690942377
6 12
    -1.341290189314056    -0.000000000000000     0.000000000000000
    -0.000000000000000    -4.969368149089893     3.955187738310071
     0.000000000000000     3.955187738310071    -4.654333062955323
6 13
    -4.062348658829096    -1.571003839801589    -3.425293057689665
    -1.571003839801589    -2.248309678307504    -1.977593869155035
    -3.425293057689665    -1.977593869155035    -4.654333062955323
6 14
    -0.415268017791209    -0.000000000000000    -0.000000000000000
    -0.000000000000000    -0.190145891359838    -0.236134404906400
    -0.000000000000000    -0.236134404906400    -0.535856883229817
6 15
    -4.062348658829096     1.571003839801589     3.425293057689665
     1.571003839801589    -2.248309678307504    -1.977593869155035
     3.425293057689665    -1.977593869155035    -4.654333062955323
6 16
     0.082229497166256     0.000000000000000    -0.000000000000000
     0.000000000000000     0.021793824862615    -0.063413598901910
    -0.000000000000000    -0.063413598901910    -0.192114690942377
6 17
    -0.246426422967680    -0.097480739993125    -0.204498393171207
    -0.097480739993125    -0.358987486183366     0.118067201819526
    -0.204498393171207     0.118067201819526    -0.535856883229817
6 18
    -0.246426422967680     0.097480739993125     0.204498393171207
     0.097480739993125    -0.358987486183366     0.118067201819526
     0.204498393171207     0.118067201819526    -0.535856883229817
7 1
     0.163776304446628     0.309929537184956    -0.305822450518673
     0.510596207967564    -0.309954454511598    -0.359563083906156
    -0.464301989835103    -0.085068469208414     0.733873502983843
7 2
     0.163776304446628    -0.309929537184956     0.305822450518673
    -0.510596207967564    -0.309954454511598    -0.359563083906156
     0.464301989835103    -0.085068469208414     0.733873502983843
7 3
    -0.096859391011915    -0.000000000000000    -0.000000000000000
    -0.000000000000000    -0.096859391011915     0.000000000000000
     0.000000000000000    -0.000000000000000     0.110975823933927
7 4
     0.163776304446628     0.510596207967564    -0.464301989835103
     0.309929537184956    -0.309954454511598    -0.085068469208414
    -0.305822450518673    -0.359563083906156     0.733873502983843
7 5
    -0.096859391011915    -0.000000000000000     0.000000000000000
    -0.000000000000000    -0.096859391011915    -0.000000000000000
    -0.000000000000000     0.000000000000000     0.110975823933927
7 6
     0.163776304446628    -0.510596207967564     0.464301989835103
    -0.309929537184956    -0.309954454511598    -0.085068469208414
     0.305822450518673    -0.359563083906156     0.733873502983843
7 7
    10.850326616705884     0.000000000000000    -0.000000000000000
     0.000000000000000    10.850326616705884    -0.000000000000000
    -0.000000000000000    -0.000000000000000    11.521721243076938
7 8
    -0.546819833990712    -0.100333334757630    -0.158479540583778
     0.100333334757630     0.400641685193089     0.444631553114570
     0.158479540583778     0.444631553114570     0.733873502983843
7 9
    -0.546819833990712     0.100333334757630     0.158479540583778
    -0.100333334757630     0.400641685193089     0.444631553114570
    -0.158479540583778     0.444631553114570     0.733873502983843
7 10
    -0.246426422967680     0.097480739993125     0.204498393171207
     0.097480739993125    -0.358987486183366     0.118067201819526
     0.204498393171207     0.118067201819526    -0.535856883229817
7 11
     0.082229497166256     0.000000000000000    -0.000000000000000
     0.000000000000000     0.021793824862615    -0.063413598901910
    -0.000000000000000    -0.063413598901910    -0.192114690942377
7 12
    -0.246426422967680    -0.097480739993125    -0.204498393171207
    -0.097480739993125    -0.358987486183366     0.118067201819526
    -0.204498393171207     0.118067201819526    -0.535856883229817
7 13
    -1.341290189314056    -0.000000000000000     0.000000000000000
    -0.000000000000000    -4.969368149089893     3.955187738310071
     0.000000000000000     3.955187738310071    -4.654333062955323
7 14
     0.036902743255363     0.026169413117819    -0.054917787919662
     0.026169413117819     0.067120580040857     0.031706799450955
    -0.054917787919662     0.031706799450955    -0.192114690942377
7 15
     0.036902743255363    -0.026169413117819     0.054917787919662
    -0.026169413117819     0.067120580040857     0.031706799450955
     0.054917787919662     0.031706799450955    -0.192114690942377
7 16
    -4.062348658829096     1.571003839801589     3.425293057689665
     1.571003839801589    -2.248309678307504    -1.977593869155035
     3.425293057689665    -1.977593869155035    -4.654333062955323
7 17
    -4.062348658829096    -1.571003839801589    -3.425293057689665
    -1.571003839801589    -2.248309678307504    -1.977593869155035
    -3.425293057689665    -1.977593869155035    -4.654333062955323
7 18
    -0.415268017791209    -0.000000000000000    -0.000000000000000
    -0.000000000000000    -0.190145891359838    -0.236134404906400
    -0.000000000000000    -0.236134404906400    -0.535856883229817
8 1
    -0.096859391011915    -0.000000000000000    -0.000000000000000
    -0.000000000000000    -0.096859391011915     0.000000000000000
     0.000000000000000    -0.000000000000000     0.110975823933927
8 2
     0.163776304446628     0.309929537184956    -0.305822450518673
     0.510596207967564    -0.309954454511598    -0.359563083906156
    -0.464301989835103    -0.085068469208414     0.733873502983843
8 3
     0.163776304446628    -0.309929537184956     0.305822450518673
    -0.510596207967564    -0.309954454511598    -0.359563083906156
     0.464301989835103    -0.085068469208414     0.733873502983843
8 4
     0.163776304446628    -0.510596207967564     0.464301989835103
    -0.309929537184956    -0.309954454511598    -0.085068469208414
     0.305822450518673    -0.359563083906156     0.733873502983843
8 5
     0.163776304446628     0.510596207967564    -0.464301989835103
     0.309929537184956    -0.309954454511598    -0.085068469208414
    -0.305822450518673    -0.359563083906156     0.733873502983843
8 6
    -0.096859391011915    -0.000000000000000     0.000000000000000
    -0.000000000000000    -0.096859391011915    -0.000000000000000
    -0.000000000000000     0.000000000000000     0.110975823933927
8 7
    -0.546819833990712     0.100333334757630     0.158479540583778
    -0.100333334757630     0.400641685193089     0.444631553114570
    -0.158479540583778     0.444631553114570     0.733873502983843
8 8
    10.850326616705884     0.000000000000000    -0.000000000000000
     0.000000000000000    10.850326616705884    -0.000000000000000
    -0.000000000000000    -0.000000000000000    11.521721243076938
8 9
    -0.546819833990712    -0.100333334757630    -0.158479540583778
     0.100333334757630     0.400641685193089     0.444631553114570
     0.158479540583778     0.444631553114570     0.733873502983843
8 10
    -0.246426422967680    -0.097480739993125    -0.204498393171207
    -0.097480739993125    -0.358987486183366     0.118067201819526
    -0.204498393171207     0.118067201819526    -0.535856883229817
8 11
    -0.246426422967680     0.097480739993125     0.204498393171207
     0.097480739993125    -0.358987486183366     0.118067201819526
     0.204498393171207     0.118067201819526    -0.535856883229817
8 12
     0.082229497166256     0.000000000000000    -0.000000000000000
     0.000000000000000     0.021793824862615    -0.063413598901910
    -0.000000000000000    -0.063413598901910    -0.192114690942377
8 13
     0.036902743255363    -0.026169413117819     0.054917787919662
    -0.026169413117819     0.067120580040857     0.031706799450955
     0.054917787919662     0.031706799450955    -0.192114690942377
8 14
    -1.341290189314056    -0.000000000000000     0.000000000000000
    -0.000000000000000    -4.969368149089893     3.955187738310071
     0.000000000000000     3.955187738310071    -4.654333062955323
8 15
     0.036902743255363     0.026169413117819    -0.054917787919662
     0.026169413117819     0.067120580040857     0.031706799450955
    -0.054917787919662     0.031706799450955    -0.192114690942377
8 16
    -0.415268017791209    -0.000000000000000    -0.000000000000000
    -0.000000000000000    -0.190145891359838    -0.236134404906400
    -0.000000000000000    -0.236134404906400    -0.535856883229817
8 17
    -4.062348658829096     1.571003839801589     3.425293057689665
     1.571003839801589    -2.248309678307504    -1.977593869155035
     3.425293057689665    -1.977593869155035    -4.654333062955323
8 18
    -4.062348658829096    -1.571003839801589    -3.425293057689665
    -1.571003839801589    -2.248309678307504    -1.977593869155035
    -3.425293057689665    -1.977593869155035    -4.654333062955323
9 1
     0.163776304446628    -0.309929537184956     0.305822450518673
    -0.510596207967564    -0.309954454511598    -0.359563083906156
     0.464301989835103    -0.085068469208414     0.733873502983843
9 2
    -0.096859391011915    -0.000000000000000    -0.000000000000000
    -0.000000000000000    -0.096859391011915     0.000000000000000
     0.000000000000000    -0.000000000000000     0.110975823933927
9 3
     0.163776304446628     0.309929537184956    -0.305822450518673
     0.510596207967564    -0.309954454511598    -0.359563083906156
    -0.464301989835103    -0.085068469208414     0.733873502983843
9 4
    -0.096859391011915    -0.000000000000000     0.000000000000000
    -0.000000000000000    -0.096859391011915    -0.000000000000000
    -0.000000000000000     0.000000000000000     0.110975823933927
9 5
     0.163776304446628    -0.510596207967564     0.464301989835103
    -0.309929537184956    -0.309954454511598    -0.085068469208414
     0.305822450518673    -0.359563083906156     0.733873502983843
9 6
     0.163776304446628     0.510596207967564    -0.464301989835103
     0.309929537184956    -0.309954454511598    -0.085068469208414
    -0.305822450518673    -0.359563083906156     0.733873502983843
9 7
    -0.546819833990712    -0.100333334757630    -0.158479540583778
     0.100333334757630     0.400641685193089     0.444631553114570
     0.158479540583778     0.444631553114570     0.733873502983843
9 8
    -0.546819833990712     0.100333334757630     0.158479540583778
    -0.100333334757630     0.400641685193089     0.444631553114570
    -0.158479540583778     0.444631553114570     0.733873502983843
9 9
    10.850326616705884     0.000000000000000    -0.000000000000000
     0.000000000000000    10.850326616705884    -0.000000000000000
    -0.000000000000000    -0.000000000000000    11.521721243076938
9 10
     0.082229497166256     0.000000000000000    -0.000000000000000
     0.000000000000000     0.021793824862615    -0.063413598901910
    -0.000000000000000    -0.063413598901910    -0.192114690942377
9 11
    -0.246426422967680    -0.097480739993125    -0.204498393171207
    -0.097480739993125    -0.358987486183366     0.118067201819526
    -0.204498393171207     0.118067201819526    -0.535856883229817
9 12
    -0.246426422967680     0.097480739993125     0.204498393171207
     0.097480739993125    -0.358987486183366     0.118067201819526
     0.204498393171207     0.118067201819526    -0.535856883229817
9 13
     0.036902743255363     0.026169413117819    -0.054917787919662
     0.026169413117819     0.067120580040857     0.031706799450955
    -0.054917787919662     0.031706799450955    -0.192114690942377
9 14
     0.036902743255363    -0.026169413117819     0.054917787919662
    -0.026169413117819     0.067120580040857     0.031706799450955
     0.054917787919662     0.031706799450955    -0.192114690942377
9 15
    -1.341290189314056    -0.000000000000000     0.000000000000000
    -0.000000000000000    -4.969368149089893     3.955187738310071
     0.000000000000000     3.955187738310071    -4.654333062955323
9 16
    -4.062348658829096    -1.571003839801589    -3.425293057689665
    -1.571003839801589    -2.248309678307504    -1.977593869155035
    -3.425293057689665    -1.977593869155035    -4.654333062955323
9 17
    -0.415268017791209    -0.000000000000000    -0.000000000000000
    -0.000000000000000    -0.190145891359838    -0.236134404906400
    -0.000000000000000    -0.236134404906400    -0.535856883229817
9 18
    -4.062348658829096     1.571003839801589     3.425293057689665
     1.571003839801589    -2.248309678307504    -1.977593869155035
     3.425293057689665    -1.977593869155035    -4.654333062955323
10 1
    -4.062348658829096     1.571003839801589     3.425293057689665
     1.571003839801589    -2.248309678307504    -1.977593869155035
     3.425293057689665    -1.977593869155035    -4.654333062955323
10 2
    -0.415268017791209    -0.000000000000000    -0.000000000000000
    -0.000000000000000    -0.190145891359838    -0.236134404906400
    -0.000000000000000    -0.236134404906400    -0.535856883229817
10 3
    -4.062348658829096    -1.571003839801589    -3.425293057689665
    -1.571003839801589    -2.248309678307504    -1.977593869155035
    -3.425293057689665    -1.977593869155035    -4.654333062955323
10 4
    -1.341290189314056    -0.000000000000000     0.000000000000000
    -0.000000000000000    -4.969368149089893     3.955187738310071
     0.000000000000000     3.955187738310071    -4.654333062955323
10 5
     0.036902743255363    -0.026169413117819     0.054917787919662
    -0.026169413117819     0.067120580040857     0.031706799450955
     0.054917787919662     0.031706799450955    -0.192114690942377
10 6
     0.036902743255363     0.026169413117819    -0.054917787919662
     0.026169413117819     0.067120580040857     0.031706799450955
    -0.054917787919662     0.031706799450955    -0.192114690942377
10 7
    -0.246426422967680     0.097480739993125     0.204498393171207
     0.097480739993125    -0.358987486183366     0.118067201819526
     0.204498393171207     0.118067201819526    -0.535856883229817
10 8
    -0.246426422967680    -0.097480739993125    -0.204498393171207
    -0.097480739993125    -0.358987486183366     0.118067201819526
    -0.204498393171207     0.118067201819526    -0.535856883229817
10 9
     0.082229497166256     0.000000000000000    -0.000000000000000
     0.000000000000000     0.021793824862615    -0.063413598901910
    -0.000000000000000    -0.063413598901910    -0.192114690942377
10 10
    10.850326616705884     0.000000000000000    -0.000000000000000
     0.000000000000000    10.850326616705884    -0.000000000000000
    -0.000000000000000    -0.000000000000000    11.521721243076938
10 11
    -0.546819833990712     0.100333334757630     0.158479540583778
    -0.100333334757630     0.400641685193089     0.444631553114570
    -0.158479540583778     0.444631553114570     0.733873502983843
10 12
    -0.546819833990712    -0.100333334757630    -0.158479540583778
     0.100333334757630     0.400641685193089     0.444631553114570
     0.158479540583778     0.444631553114570     0.733873502983843
10 13
     0.163776304446628     0.510596207967564    -0.464301989835103
     0.309929537184956    -0.309954454511598    -0.085068469208414
    -0.305822450518673    -0.359563083906156     0.733873502983843
10 14
     0.163776304446628    -0.510596207967564     0.464301989835103
    -0.309929537184956    -0.309954454511598    -0.085068469208414
     0.305822450518673    -0.359563083906156     0.733873502983843
10 15
    -0.096859391011915    -0.000000000000000     0.000000000000000
    -0.000000000000000    -0.096859391011915    -0.000000000000000
    -0.000000000000000     0.000000000000000     0.110975823933927
10 16
     0.163776304446628     0.309929537184956    -0.305822450518673
     0.510596207967564    -0.309954454511598    -0.359563083906156
    -0.464301989835103    -0.085068469208414     0.733873502983843
10 17
    -0.096859391011915    -0.000000000000000    -0.000000000000000
    -0.000000000000000    -0.096859391011915     0.000000000000000
     0.000000000000000    -0.000000000000000     0.110975823933927
10 18
     0.163776304446628    -0.309929537184956     0.305822450518673
    -0.510596207967564    -0.309954454511598    -0.359563083906156
     0.464301989835103    -0.085068469208414     0.733873502983843
11 1
    -4.062348658829096    -1.571003839801589    -3.425293057689665
    -1.571003839801589    -2.248309678307504    -1.977593869155035
    -3.425293057689665    -1.977593869155035    -4.654333062955323
11 2
    -4.062348658829096     1.571003839801589     3.425293057689665
     1.571003839801589    -2.248309678307504    -1.977593869155035
     3.425293057689665    -1.977593869155035    -4.654333062955323
11 3
    -0.415268017791209    -0.000000000000000    -0.000000000000000
    -0.000000000000000    -0.190145891359838    -0.236134404906400
    -0.000000000000000    -0.236134404906400    -0.535856883229817
11 4
     0.036902743255363     0.026169413117819    -0.054917787919662
     0.026169413117819     0.067120580040857     0.031706799450955
    -0.054917787919662     0.031706799450955    -0.192114690942377
11 5
    -1.341290189314056    -0.000000000000000     0.000000000000000
    -0.000000000000000    -4.969368149089893     3.955187738310071
     0.000000000000000     3.955187738310071    -4.654333062955323
11 6
     0.036902743255363    -0.026169413117819     0.054917787919662
    -0.026169413117819     0.067120580040857     0.031706799450955
     0.054917787919662     0.031706799450955    -0.192114690942377
11 7
     0.082229497166256     0.000000000000000    -0.000000000000000
     0.000000000000000     0.021793824862615    -0.063413598901910
    -0.000000000000000    -0.063413598901910    -0.192114690942377
11 8
    -0.246426422967680     0.097480739993125     0.204498393171207
     0.097480739993125    -0.358987486183366     0.118067201819526
     0.204498393171207     0.118067201819526    -0.535856883229817
11 9
    -0.246426422967680    -0.097480739993125    -0.204498393171207
    -0.097480739993125    -0.358987486183366     0.118067201819526
    -0.204498393171207     0.118067201819526    -0.535856883229817
11 10
    -0.546819833990712    -0.100333334757630    -0.158479540583778
     0.100333334757630     0.400641685193089     0.444631553114570
     0.158479540583778     0.444631553114570     0.733873502983843
11 11
    10.850326616705884     0.000000000000000    -0.000000000000000
     0.000000000000000    10.850326616705884    -0.000000000000000
    -0.000000000000000    -0.000000000000000    11.521721243076938
11 12
    -0.546819833990712     0.100333334757630     0.158479540583778
    -0.100333334757630     0.400641685193089     0.444631553114570
    -0.158479540583778     0.444631553114570     0.733873502983843
11 13
    -0.096859391011915    -0.000000000000000     0.000000000000000
    -0.000000000000000    -0.096859391011915    -0.000000000000000
    -0.000000000000000     0.000000000000000     0.110975823933927
11 14
     0.163776304446628     0.510596207967564    -0.464301989835103
     0.309929537184956    -0.309954454511598    -0.085068469208414
    -0.305822450518673    -0.359563083906156     0.733873502983843
11 15
     0.163776304446628    -0.510596207967564     0.464301989835103
    -0.309929537184956    -0.309954454511598    -0.085068469208414
     0.305822450518673    -0.359563083906156     0.733873502983843
11 16
     0.163776304446628    -0.309929537184956     0.305822450518673
    -0.510596207967564    -0.309954454511598    -0.359563083906156
     0.464301989835103    -0.085068469208414     0.733873502983843
11 17
     0.163776304446628     0.309929537184956    -0.305822450518673
     0.510596207967564    -0.309954454511598    -0.359563083906156
    -0.464301989835103    -0.085068469208414     0.733873502983843
11 18
    -0.096859391011915    -0.000000000000000    -0.000000000000000
    -0.000000000000000    -0.096859391011915     0.000000000000000
     0.000000000000000    -0.000000000000000     0.110975823933927
12 1
    -0.415268017791209    -0.000000000000000    -0.000000000000000
    -0.000000000000000    -0.190145891359838    -0.236134404906400
    -0.000000000000000    -0.236134404906400    -0.535856883229817
12 2
    -4.062348658829096    -1.571003839801589    -3.425293057689665
    -1.571003839801589    -2.248309678307504    -1.977593869155035
    -3.425293057689665    -1.977593869155035    -4.654333062955323
12 3
    -4.062348658829096     1.571003839801589     3.425293057689665
     1.571003839801589    -2.248309678307504    -1.977593869155035
     3.425293057689665    -1.977593869155035    -4.654333062955323
12 4
     0.036902743255363    -0.026169413117819     0.054917787919662
    -0.026169413117819     0.067120580040857     0.031706799450955
     0.054917787919662     0.031706799450955    -0.192114690942377
12 5
     0.036902743255363     0.026169413117819    -0.054917787919662
     0.026169413117819     0.067120580040857     0.031706799450955
    -0.054917787919662     0.031706799450955    -0.192114690942377
12 6
    -1.341290189314056    -0.000000000000000     0.000000000000000
    -0.000000000000000    -4.969368149089893     3.955187738310071
     0.000000000000000     3.955187738310071    -4.654333062955323
12 7
    -0.246426422967680    -0.097480739993125    -0.204498393171207
    -0.097480739993125    -0.358987486183366     0.118067201819526
    -0.204498393171207     0.118067201819526    -0.535856883229817
12 8
     0.082229497166256     0.000000000000000    -0.000000000000000
     0.000000000000000     0.021793824862615    -0.063413598901910
    -0.000000000000000    -0.063413598901910    -0.192114690942377
12 9
    -0.246426422967680     0.097480739993125     0.204498393171207
     0.097480739993125    -0.358987486183366     0.118067201819526
     0.204498393171207     0.118067201819526    -0.535856883229817
12 10
    -0.546819833990712     0.100333334757630     0.158479540583778
    -0.100333334757630     0.400641685193089     0.444631553114570
    -0.158479540583778     0.444631553114570     0.733873502983843
12 11
    -0.546819833990712    -0.100333334757630    -0.158479540583778
     0.100333334757630     0.400641685193089     0.444631553114570
     0.158479540583778     0.444631553114570     0.733873502983843
12 12
    10.850326616705884     0.000000000000000    -0.000000000000000
     0.000000000000000    10.850326616705884    -0.000000000000000
    -0.000000000000000    -0.000000000000000    11.521721243076938
12 13
     0.163776304446628    -0.510596207967564     0.464301989835103
    -0.309929537184956    -0.309954454511598    -0.085068469208414
     0.305822450518673    -0.359563083906156     0.733873502983843
12 14
    -0.096859391011915    -0.000000000000000     0.000000000000000
    -0.000000000000000    -0.096859391011915    -0.000000000000000
    -0.000000000000000     0.000000000000000     0.110975823933927
12 15
     0.163776304446628     0.510596207967564    -0.464301989835103
     0.309929537184956    -0.309954454511598    -0.085068469208414
    -0.305822450518673    -0.359563083906156     0.733873502983843
12 16
    -0.096859391011915    -0.000000000000000    -0.000000000000000
    -0.000000000000000    -0.096859391011915     0.000000000000000
     0.000000000000000    -0.000000000000000     0.110975823933927
12 17
     0.163776304446628    -0.309929537184956     0.305822450518673
    -0.510596207967564    -0.309954454511598    -0.359563083906156
     0.464301989835103    -0.085068469208414     0.733873502983843
12 18
     0.163776304446628     0.309929537184956    -0.305822450518673
     0.510596207967564    -0.309954454511598    -0.359563083906156
    -0.464301989835103    -0.085068469208414     0.733873502983843
13 1
    -0.246426422967680     0.097480739993125     0.204498393171207
     0.097480739993125    -0.358987486183366     0.118067201819526
     0.204498393171207     0.118067201819526    -0.535856883229817
13 2
    -0.246426422967680    -0.097480739993125    -0.204498393171207
    -0.097480739993125    -0.358987486183366     0.118067201819526
    -0.204498393171207     0.118067201819526    -0.535856883229817
13 3
     0.082229497166256     0.000000000000000    -0.000000000000000
     0.000000000000000     0.021793824862615    -0.063413598901910
    -0.000000000000000    -0.063413598901910    -0.192114690942377
13 4
    -4.062348658829096     1.571003839801589     3.425293057689665
     1.571003839801589    -2.248309678307504    -1.977593869155035
     3.425293057689665    -1.977593869155035    -4.654333062955323
13 5
    -0.415268017791209    -0.000000000000000    -0.000000000000000
    -0.000000000000000    -0.190145891359838    -0.236134404906400
    -0.000000000000000    -0.236134404906400    -0.535856883229817
13 6
    -4.062348658829096    -1.571003839801589    -3.425293057689665
    -1.571003839801589    -2.248309678307504    -1.977593869155035
    -3.425293057689665    -1.977593869155035    -4.654333062955323
13 7
    -1.341290189314056    -0.000000000000000     0.000000000000000
    -0.000000000000000    -4.969368149089893     3.955187738310071
     0.000000000000000     3.955187738310071    -4.654333062955323
13 8
     0.036902743255363    -0.026169413117819     0.054917787919662
    -0.026169413117819     0.067120580040857     0.031706799450955
     0.054917787919662     0.031706799450955    -0.192114690942377
13 9
     0.036902743255363     0.026169413117819    -0.054917787919662
     0.026169413117819     0.067120580040857     0.031706799450955
    -0.054917787919662     0.031706799450955    -0.192114690942377
13 10
     0.163776304446628     0.309929537184956    -0.305822450518673
     0.510596207967564    -0.309954454511598    -0.359563083906156
    -0.464301989835103    -0.085068469208414     0.733873502983843
13 11
    -0.096859391011915    -0.000000000000000    -0.000000000000000
    -0.000000000000000    -0.096859391011915     0.000000000000000
     0.000000000000000    -0.000000000000000     0.110975823933927
13 12
     0.163776304446628    -0.309929537184956     0.305822450518673
    -0.510596207967564    -0.309954454511598    -0.359563083906156
     0.464301989835103    -0.085068469208414     0.733873502983843
13 13
    10.850326616705884     0.000000000000000    -0.000000000000000
     0.000000000000000    10.850326616705884    -0.000000000000000
    -0.000000000000000    -0.000000000000000    11.521721243076938
13 14
    -0.546819833990712     0.100333334757630     0.158479540583778
    -0.100333334757630     0.400641685193089     0.444631553114570
    -0.158479540583778     0.444631553114570     0.733873502983843
13 15
    -0.546819833990712    -0.100333334757630    -0.158479540583778
     0.100333334757630     0.400641685193089     0.444631553114570
     0.158479540583778     0.444631553114570     0.733873502983843
13 16
     0.163776304446628     0.510596207967564    -0.464301989835103
     0.309929537184956    -0.309954454511598    -0.085068469208414
    -0.305822450518673    -0.359563083906156     0.733873502983843
13 17
     0.163776304446628    -0.510596207967564     0.464301989835103
    -0.309929537184956    -0.309954454511598    -0.085068469208414
     0.305822450518673    -0.359563083906156     0.733873502983843
13 18
    -0.096859391011915    -0.000000000000000     0.000000000000000
    -0.000000000000000    -0.096859391011915    -0.000000000000000
    -0.000000000000000     0.000000000000000     0.110975823933927
14 1
     0.082229497166256     0.000000000000000    -0.000000000000000
     0.000000000000000     0.021793824862615    -0.063413598901910
    -0.000000000000000    -0.063413598901910    -0.192114690942377
14 2
    -0.246426422967680     0.097480739993125     0.204498393171207
     0.097480739993125    -0.358987486183366     0.118067201819526
     0.204498393171207     0.118067201819526    -0.535856883229817
14 3
    -0.246426422967680    -0.097480739993125    -0.204498393171207
    -0.097480739993125    -0.358987486183366     0.118067201819526
    -0.204498393171207     0.118067201819526    -0.535856883229817
14 4
    -4.062348658829096    -1.571003839801589    -3.425293057689665
    -1.571003839801589    -2.248309678307504    -1.977593869155035
    -3.425293057689665    -1.977593869155035    -4.654333062955323
14 5
    -4.062348658829096     1.571003839801589     3.425293057689665
     1.571003839801589    -2.248309678307504    -1.977593869155035
     3.425293057689665    -1.977593869155035    -4.654333062955323
14 6
    -0.415268017791209    -0.000000000000000    -0.000000000000000
    -0.000000000000000    -0.190145891359838    -0.236134404906400
    -0.000000000000000    -0.236134404906400    -0.535856883229817
14 7
     0.036902743255363     0.026169413117819    -0.054917787919662
     0.026169413117819     0.067120580040857     0.031706799450955
    -0.054917787919662     0.031706799450955    -0.192114690942377
14 8
    -1.341290189314056    -0.000000000000000     0.000000000000000
    -0.000000000000000    -4.969368149089893     3.955187738310071
     0.000000000000000     3.955187738310071    -4.654333062955323
14 9
     0.036902743255363    -0.026169413117819     0.054917787919662
    -0.026169413117819     0.067120580040857     0.031706799450955
     0.054917787919662     0.031706799450955    -0.192114690942377
14 10
     0.163776304446628    -0.309929537184956     0.305822450518673
    -0.510596207967564    -0.309954454511598    -0.359563083906156
     0.464301989835103    -0.085068469208414     0.733873502983843
14 11
     0.163776304446628     0.309929537184956    -0.305822450518673
     0.510596207967564    -0.309954454511598    -0.359563083906156
    -0.464301989835103    -0.085068469208414     0.733873502983843
14 12
    -0.096859391011915    -0.000000000000000    -0.000000000000000
    -0.000000000000000    -0.096859391011915     0.000000000000000
     0.000000000000000    -0.000000000000000     0.110975823933927
14 13
    -0.546819833990712    -0.100333334757630    -0.158479540583778
     0.100333334757630     0.400641685193089     0.444631553114570
     0.158479540583778     0.444631553114570     0.733873502983843
14 14
    10.850326616705884     0.000000000000000    -0.000000000000000
     0.000000000000000    10.850326616705884    -0.000000000000000
    -0.000000000000000    -0.000000000000000    11.521721243076938
14 15
    -0.546819833990712     0.100333334757630     0.158479540583778
    -0.100333334757630     0.400641685193089     0.444631553114570
    -0.158479540583778     0.444631553114570     0.733873502983843
14 16
    -0.096859391011915    -0.000000000000000     0.000000000000000
    -0.000000000000000    -0.096859391011915    -0.000000000000000
    -0.000000000000000     0.000000000000000     0.110975823933927
14 17
     0.163776304446628     0.510596207967564    -0.464301989835103
     0.309929537184956    -0.309954454511598    -0.085068469208414
    -0.305822450518673    -0.359563083906156     0.733873502983843
14 18
     0.163776304446628    -0.510596207967564     0.464301989835103
    -0.309929537184956    -0.309954454511598    -0.085068469208414
     0.305822450518673    -0.359563083906156     0.733873502983843
15 1
    -0.246426422967680    -0.097480739993125    -0.204498393171207
    -0.097480739993125    -0.358987486183366     0.118067201819526
    -0.204498393171207     0.118067201819526    -0.535856883229817
15 2
     0.082229497166256     0.000000000000000    -0.000000000000000
     0.000000000000000     0.021793824862615    -0.063413598901910
    -0.000000000000000    -0.063413598901910    -0.192114690942377
15 3
    -0.246426422967680     0.097480739993125     0.204498393171207
     0.097480739993125    -0.358987486183366     0.118067201819526
     0.204498393171207     0.118067201819526    -0.535856883229817
15 4
    -0.415268017791209    -0.000000000000000    -0.000000000000000
    -0.000000000000000    -0.190145891359838    -0.236134404906400
    -0.000000000000000    -0.236134404906400    -0.535856883229817
15 5
    -4.062348658829096    -1.571003839801589    -3.425293057689665
    -1.571003839801589    -2.248309678307504    -1.977593869155035
    -3.425293057689665    -1.977593869155035    -4.654333062955323
15 6
    -4.062348658829096     1.571003839801589     3.425293057689665
     1.571003839801589    -2.248309678307504    -1.977593869155035
     3.425293057689665    -1.977593869155035    -4.654333062955323
15 7
     0.036902743255363    -0.026169413117819     0.054917787919662
    -0.026169413117819     0.067120580040857     0.031706799450955
     0.054917787919662     0.031706799450955    -0.192114690942377
15 8
     0.036902743255363     0.026169413117819    -0.054917787919662
     0.026169413117819     0.067120580040857     0.031706799450955
    -0.054917787919662     0.031706799450955    -0.192114690942377
15 9
    -1.341290189314056    -0.000000000000000     0.000000000000000
    -0.000000000000000    -4.969368149089893     3.955187738310071
     0.000000000000000     3.955187738310071    -4.654333062955323
15 10
    -0.096859391011915    -0.000000000000000    -0.000000000000000
    -0.000000000000000    -0.096859391011915     0.000000000000000
     0.000000000000000    -0.000000000000000     0.110975823933927
15 11
     0.163776304446628    -0.309929537184956     0.305822450518673
    -0.510596207967564    -0.309954454511598    -0.359563083906156
     0.464301989835103    -0.085068469208414     0.733873502983843
15 12
     0.163776304446628     0.309929537184956    -0.305822450518673
     0.510596207967564    -0.309954454511598    -0.359563083906156
    -0.464301989835103    -0.085068469208414     0.733873502983843
15 13
    -0.546819833990712     0.100333334757630     0.158479540583778
    -0.100333334757630     0.400641685193089     0.444631553114570
    -0.158479540583778     0.444631553114570     0.733873502983843
15 14
    -0.546819833990712    -0.100333334757630    -0.158479540583778
     0.100333334757630     0.400641685193089     0.444631553114570
     0.158479540583778     0.444631553114570     0.733873502983843
15 15
    10.850326616705884     0.000000000000000    -0.000000000000000
     0.000000000000000    10.850326616705884    -0.000000000000000
    -0.000000000000000    -0.000000000000000    11.521721243076938
15 16
     0.163776304446628    -0.510596207967564     0.464301989835103
    -0.309929537184956    -0.309954454511598    -0.085068469208414
     0.305822450518673    -0.359563083906156     0.733873502983843
15 17
    -0.096859391011915    -0.000000000000000     0.000000000000000
    -0.000000000000000    -0.096859391011915    -0.000000000000000
    -0.000000000000000     0.000000000000000     0.110975823933927
15 18
     0.163776304446628     0.510596207967564    -0.464301989835103
     0.309929537184956    -0.309954454511598    -0.085068469208414
    -0.305822450518673    -0.359563083906156     0.733873502983843
16 1
    -1.341290189314056    -0.000000000000000     0.000000000000000
    -0.000000000000000    -4.969368149089893     3.955187738310071
     0.000000000000000     3.955187738310071    -4.654333062955323
16 2
     0.036902743255363    -0.026169413117819     0.054917787919662
    -0.026169413117819     0.067120580040857     0.031706799450955
     0.054917787919662     0.031706799450955    -0.192114690942377
16 3
     0.036902743255363     0.026169413117819    -0.054917787919662
     0.026169413117819     0.067120580040857     0.031706799450955
    -0.054917787919662     0.031706799450955    -0.192114690942377
16 4
    -0.246426422967680     0.097480739993125     0.204498393171207
     0.097480739993125    -0.358987486183366     0.118067201819526
     0.204498393171207     0.118067201819526    -0.535856883229817
16 5
    -0.246426422967680    -0.097480739993125    -0.204498393171207
    -0.097480739993125    -0.358987486183366     0.118067201819526
    -0.204498393171207     0.118067201819526    -0.535856883229817
16 6
     0.082229497166256     0.000000000000000    -0.000000000000000
     0.000000000000000     0.021793824862615    -0.063413598901910
    -0.000000000000000    -0.063413598901910    -0.192114690942377
16 7
    -4.062348658829096     1.571003839801589     3.425293057689665
     1.571003839801589    -2.248309678307504    -1.977593869155035
     3.425293057689665    -1.977593869155035    -4.654333062955323
16 8
    -0.415268017791209    -0.000000000000000    -0.000000000000000
    -0.000000000000000    -0.190145891359838    -0.236134404906400
    -0.000000000000000    -0.236134404906400    -0.535856883229817
16 9
    -4.062348658829096    -1.571003839801589    -3.425293057689665
    -1.571003839801589    -2.248309678307504    -1.977593869155035
    -3.425293057689665    -1.977593869155035    -4.654333062955323
16 10
     0.163776304446628     0.510596207967564    -0.464301989835103
     0.309929537184956    -0.309954454511598    -0.085068469208414
    -0.305822450518673    -0.359563083906156     0.733873502983843
16 11
     0.163776304446628    -0.510596207967564     0.464301989835103
    -0.309929537184956    -0.309954454511598    -0.085068469208414
     0.305822450518673    -0.359563083906156     0.733873502983843
16 12
    -0.096859391011915    -0.000000000000000     0.000000000000000
    -0.000000000000000    -0.096859391011915    -0.000000000000000
    -0.000000000000000     0.000000000000000     0.110975823933927
16 13
     0.163776304446628     0.309929537184956    -0.305822450518673
     0.510596207967564    -0.309954454511598    -0.359563083906156
    -0.464301989835103    -0.085068469208414     0.733873502983843
16 14
    -0.096859391011915    -0.000000000000000    -0.000000000000000
    -0.000000000000000    -0.096859391011915     0.000000000000000
     0.000000000000000    -0.000000000000000     0.110975823933927
16 15
     0.163776304446628    -0.309929537184956     0.305822450518673
    -0.510596207967564    -0.309954454511598    -0.359563083906156
     0.464301989835103    -0.085068469208414     0.733873502983843
16 16
    10.850326616705884     0.000000000000000    -0.000000000000000
     0.000000000000000    10.850326616705884    -0.000000000000000
    -0.000000000000000    -0.000000000000000    11.521721243076938
16 17
    -0.546819833990712     0.100333334757630     0.158479540583778
    -0.100333334757630     0.400641685193089     0.444631553114570
    -0.158479540583778     0.444631553114570     0.733873502983843
16 18
    -0.546819833990712    -0.100333334757630    -0.158479540583778
     0.100333334757630     0.400641685193089     0.444631553114570
     0.158479540583778     0.444631553114570     0.733873502983843
17 1
     0.036902743255363     0.026169413117819    -0.054917787919662
     0.026169413117819     0.067120580040857     0.031706799450955
    -0.054917787919662     0.031706799450955    -0.192114690942377
17 2
    -1.341290189314056    -0.000000000000000     0.000000000000000
    -0.000000000000000    -4.969368149089893     3.955187738310071
     0.000000000000000     3.955187738310071    -4.654333062955323
17 3
     0.036902743255363    -0.026169413117819     0.054917787919662
    -0.026169413117819     0.067120580040857     0.031706799450955
     0.054917787919662     0.031706799450955    -0.192114690942377
17 4
     0.082229497166256     0.000000000000000    -0.000000000000000
     0.000000000000000     0.021793824862615    -0.063413598901910
    -0.000000000000000    -0.063413598901910    -0.192114690942377
17 5
    -0.246426422967680     0.097480739993125     0.204498393171207
     0.097480739993125    -0.358987486183366     0.118067201819526
     0.204498393171207     0.118067201819526    -0.535856883229817
17 6
    -0.246426422967680    -0.097480739993125    -0.204498393171207
    -0.097480739993125    -0.358987486183366     0.118067201819526
    -0.204498393171207     0.118067201819526    -0.535856883229817
17 7
    -4.062348658829096    -1.571003839801589    -3.425293057689665
    -1.571003839801589    -2.248309678307504    -1.977593869155035
    -3.425293057689665    -1.977593869155035    -4.654333062955323
17 8
    -4.062348658829096     1.571003839801589     3.425293057689665
     1.571003839801589    -2.248309678307504    -1.977593869155035
     3.425293057689665    -1.977593869155035    -4.654333062955323
17 9
    -0.415268017791209    -0.000000000000000    -0.000000000000000
    -0.000000000000000    -0.190145891359838    -0.236134404906400
    -0.000000000000000    -0.236134404906400    -0.535856883229817
17 10
    -0.096859391011915    -0.000000000000000     0.000000000000000
    -0.000000000000000    -0.096859391011915    -0.000000000000000
    -0.000000000000000     0.000000000000000     0.110975823933927
17 11
     0.163776304446628     0.510596207967564    -0.464301989835103
     0.309929537184956    -0.309954454511598    -0.085068469208414
    -0.305822450518673    -0.359563083906156     0.733873502983843
17 12
     0.163776304446628    -0.510596207967564     0.464301989835103
    -0.309929537184956    -0.309954454511598    -0.085068469208414
     0.305822450518673    -0.359563083906156     0.733873502983843
17 13
     0.163776304446628    -0.309929537184956     0.305822450518673
    -0.510596207967564    -0.309954454511598    -0.359563083906156
     0.464301989835103    -0.085068469208414     0.733873502983843
17 14
     0.163776304446628     0.309929537184956    -0.305822450518673
     0.510596207967564    -0.309954454511598    -0.359563083906156
    -0.464301989835103    -0.085068469208414     0.733873502983843
17 15
    -0.096859391011915    -0.000000000000000    -0.000000000000000
    -0.000000000000000    -0.096859391011915     0.000000000000000
     0.000000000000000    -0.000000000000000     0.110975823933927
17 16
    -0.546819833990712    -0.100333334757630    -0.158479540583778
     0.100333334757630     0.400641685193089     0.444631553114570
     0.158479540583778     0.444631553114570     0.733873502983843
17 17
    10.850326616705884     0.000000000000000    -0.000000000000000
     0.000000000000000    10.850326616705884    -0.000000000000000
    -0.000000000000000    -0.000000000000000    11.521721243076938
17 18
    -0.546819833990712     0.100333334757630     0.158479540583778
    -0.100333334757630     0.400641685193089     0.444631553114570
    -0.158479540583778     0.444631553114570     0.733873502983843
18 1
     0.036902743255363    -0.026169413117819     0.054917787919662
    -0.026169413117819     0.067120580040857     0.031706799450955
     0.054917787919662     0.031706799450955    -0.192114690942377
18 2
     0.036902743255363     0.026169413117819    -0.054917787919662
     0.026169413117819     0.067120580040857     0.031706799450955
    -0.054917787919662     0.031706799450955    -0.192114690942377
18 3
    -1.341290189314056    -0.000000000000000     0.000000000000000
    -0.000000000000000    -4.969368149089893     3.955187738310071
     0.000000000000000     3.955187738310071    -4.654333062955323
18 4
    -0.246426422967680    -0.097480739993125    -0.204498393171207
    -0.097480739993125    -0.358987486183366     0.118067201819526
    -0.204498393171207     0.118067201819526    -0.535856883229817
18 5
     0.082229497166256     0.000000000000000    -0.000000000000000
     0.000000000000000     0.021793824862615    -0.063413598901910
    -0.000000000000000    -0.063413598901910    -0.192114690942377
18 6
    -0.246426422967680     0.097480739993125     0.204498393171207
     0.097480739993125    -0.358987486183366     0.118067201819526
     0.204498393171207     0.118067201819526    -0.535856883229817
18 7
    -0.415268017791209    -0.000000000000000    -0.000000000000000
    -0.000000000000000    -0.190145891359838    -0.236134404906400
    -0.000000000000000    -0.236134404906400    -0.535856883229817
18 8
    -4.062348658829096    -1.571003839801589    -3.425293057689665
    -1.571003839801589    -2.248309678307504    -1.977593869155035
    -3.425293057689665    -1.977593869155035    -4.654333062955323
18 9
    -4.062348658829096     1.571003839801589     3.425293057689665
     1.571003839801589    -2.248309678307504    -1.977593869155035
     3.425293057689665    -1.977593869155035    -4.654333062955323
18 10
     0.163776304446628    -0.510596207967564     0.464301989835103
    -0.309929537184956    -0.309954454511598    -0.085068469208414
     0.305822450518673    -0.359563083906156     0.733873502983843
18 11
    -0.096859391011915    -0.000000000000000     0.000000000000000
    -0.000000000000000    -0.096859391011915    -0.000000000000000
    -0.000000000000000     0.000000000000000     0.110975823933927
18 12
     0.163776304446628     0.510596207967564    -0.464301989835103
     0.309929537184956    -0.309954454511598    -0.085068469208414
    -0.305822450518673    -0.359563083906156     0.733873502983843
18 13
    -0.096859391011915    -0.000000000000000    -0.000000000000000
    -0.000000000000000    -0.096859391011915     0.000000000000000
     0.000000000000000    -0.000000000000000     0.110975823933927
18 14
     0.163776304446628    -0.309929537184956     0.305822450518673
    -0.510596207967564    -0.309954454511598    -0.359563083906156
     0.464301989835103    -0.085068469208414     0.733873502983843
18 15
     0.163776304446628     0.309929537184956    -0.305822450518673
     0.510596207967564    -0.309954454511598    -0.359563083906156
    -0.464301989835103    -0.085068469208414     0.733873502983843
18 16
    -0.546819833990712     0.100333334757630     0.158479540583778
    -0.100333334757630     0.400641685193089     0.444631553114570
    -0.158479540583778     0.444631553114570     0.733873502983843
18 17
    -0.546819833990712    -0.100333334757630    -0.158479540583778
     0.100333334757630     0.400641685193089     0.444631553114570
     0.158479540583778     0.444631553114570     0.733873502983843
18 18
    10.850326616705884     0.000000000000000    -0.000000000000000
     0.000000000000000    10.850326616705884    -0.000000000000000
    -0.000000000000000    -0.000000000000000    11.521721243076938