    1   18    2
 74.922
    1    1  1.0000  0.0000  0.0000
 -8.152651320687  -0.000153640998  -0.000001770470
  0.378948735592   0.011225031087   0.071192433347
  0.379163863815  -0.011550808035  -0.071170800641
 -0.102158693776  -0.268340440651   0.241619477829
 -0.102364343648   0.268349751193  -0.241684597669
  0.060158246940   0.000027628209  -0.000047096250
 -0.103686939855  -0.288299090087   0.313012864190
  0.059520047781   0.000078031343   0.000026004461
 -0.103635232919   0.288690031751  -0.312941707108
  3.189315577700  -1.323445973107  -2.881829192859
  3.189148634282   1.323369493490   2.881828644255
  0.243979838639   0.000022350677   0.000044150089
  0.140495553594  -0.059481568833  -0.117714772757
 -0.060388482978   0.000023878009   0.000006708160
  0.140433712552   0.059635383240   0.117742618408
  0.896931367972   0.000016830415  -0.000052878385
 -0.026634648044  -0.019877661201   0.028155353428
 -0.026575916959   0.019710773498  -0.028185438027
    1    2  0.0000  0.0000  1.0000
 -0.000000000000   0.000000000000  -9.663774805310
 -0.070918297704  -0.319645662012  -0.503989023907
  0.070918297704  -0.319645662012  -0.503989023907
  0.312280412364   0.098405783601  -0.503989023907
 -0.312280412364   0.098405783601  -0.503989023907
 -0.000000000000   0.000000000000  -0.052989840906
  0.241362114660   0.221239878411  -0.503989023907
 -0.000000000000   0.000000000000  -0.057178328961
 -0.241362114660   0.221239878411  -0.503989023907
 -2.881023601489   1.663359751861   3.876062159487
  2.881023601489   1.663359751861   3.876062159487
 -0.000000000000   0.139510402644   0.289705982099
 -0.120819552781  -0.069755201322   0.289705982099
 -0.000000000000   0.034641326087   0.100190897953
  0.120819552781  -0.069755201322   0.289705982099
 -0.000000000000  -3.326719503722   3.876062159487
  0.030000268413  -0.017320663044   0.100190897953
 -0.030000268413  -0.017320663044   0.100190897953
