# End points of segments: 
#   0.00000000 0.16207320 0.32414650 0.48621970 
0.000000 -0.001627
0.001637 0.113207
0.003274 0.226395
0.004911 0.339600
0.006548 0.452825
0.008186 0.566081
0.009823 0.679382
0.011460 0.792746
0.013097 0.906198
0.014734 1.019767
0.016371 1.133492
0.018008 1.247415
0.019645 1.361588
0.021282 1.476072
0.022919 1.590934
0.024557 1.706249
0.026194 1.822103
0.027831 1.938588
0.029468 2.055805
0.031105 2.173860
0.032742 2.292868
0.034379 2.412950
0.036016 2.534231
0.037653 2.656841
0.039290 2.780911
0.040928 2.906578
0.042565 3.033974
0.044202 3.163235
0.045839 3.294491
0.047476 3.427870
0.049113 3.563494
0.050750 3.701478
0.052387 3.841930
0.054024 3.984945
0.055662 4.130610
0.057299 4.278998
0.058936 4.430168
0.060573 4.584166
0.062210 4.741020
0.063847 4.900742
0.065484 5.063328
0.067121 5.228755
0.068758 5.396982
0.070395 5.567948
0.072033 5.741575
0.073670 5.917766
0.075307 6.096404
0.076944 6.277357
0.078581 6.460470
0.080218 6.645576
0.081855 6.832488
0.083492 7.021005
0.085129 7.210910
0.086766 7.401974
0.088404 7.593955
0.090041 7.786601
0.091678 7.979649
0.093315 8.172831
0.094952 8.365871
0.096589 8.558490
0.098226 8.750409
0.099863 8.941345
0.101500 9.131021
0.103137 9.319163
0.104775 9.505502
0.106412 9.689779
0.108049 9.871745
0.109686 10.051162
0.111323 10.227806
0.112960 10.401468
0.114597 10.571955
0.116234 10.739093
0.117872 10.902723
0.119509 11.062705
0.121146 11.218920
0.122783 11.371265
0.124420 11.519656
0.126057 11.664027
0.127694 11.804328
0.129331 11.940526
0.130968 12.072602
0.132605 12.200552
0.134242 12.324383
0.135880 12.444113
0.137517 12.559770
0.139154 12.671390
0.140791 12.779017
0.142428 12.882696
0.144065 12.982481
0.145702 13.078424
0.147339 13.170580
0.148976 13.259003
0.150614 13.343747
0.152251 13.424861
0.153888 13.502392
0.155525 13.576381
0.157162 13.646863
0.158799 13.713866
0.160436 13.777411
0.162073 13.837508

0.162073 13.837508
0.163710 13.781605
0.165348 13.730514
0.166985 13.684018
0.168622 13.641883
0.170259 13.603854
0.171896 13.569662
0.173533 13.539030
0.175170 13.511671
0.176807 13.487294
0.178444 13.465608
0.180081 13.446324
0.181719 13.429157
0.183356 13.413832
0.184993 13.400080
0.186630 13.387650
0.188267 13.376299
0.189904 13.365806
0.191541 13.355964
0.193178 13.346586
0.194815 13.337503
0.196452 13.328570
0.198090 13.319658
0.199727 13.310664
0.201364 13.301501
0.203001 13.292106
0.204638 13.282435
0.206275 13.272463
0.207912 13.262184
0.209549 13.251610
0.211186 13.240767
0.212823 13.229697
0.214461 13.218457
0.216098 13.207113
0.217735 13.113715
0.219372 12.999478
0.221009 12.885030
0.222646 12.771629
0.224283 12.660565
0.225920 12.553136
0.227557 12.450624
0.229194 12.354274
0.230832 12.265274
0.232469 12.184737
0.234106 12.113678
0.235743 12.053002
0.237380 12.003490
0.239017 11.965781
0.240654 11.940365
0.242291 11.927574
0.243928 11.927574
0.245565 11.940365
0.247203 11.965781
0.248840 12.003490
0.250477 12.053002
0.252114 12.113678
0.253751 12.184737
0.255388 12.265274
0.257025 12.354274
0.258662 12.450624
0.260300 12.553136
0.261937 12.660565
0.263574 12.771629
0.265211 12.885030
0.266848 12.999478
0.268485 13.113715
0.270122 13.207113
0.271759 13.218457
0.273396 13.229697
0.275033 13.240767
0.276670 13.251610
0.278308 13.262184
0.279945 13.272463
0.281582 13.282435
0.283219 13.292106
0.284856 13.301501
0.286493 13.310664
0.288130 13.319658
0.289767 13.328570
0.291404 13.337503
0.293042 13.346586
0.294679 13.355964
0.296316 13.365806
0.297953 13.376299
0.299590 13.387650
0.301227 13.400080
0.302864 13.413832
0.304501 13.429157
0.306138 13.446324
0.307775 13.465608
0.309413 13.487294
0.311050 13.511671
0.312687 13.539030
0.314324 13.569662
0.315961 13.603854
0.317598 13.641883
0.319235 13.684018
0.320872 13.730514
0.322509 13.781605
0.324147 13.837508

0.324147 13.837508
0.325784 13.777411
0.327421 13.713866
0.329058 13.646863
0.330695 13.576381
0.332332 13.502392
0.333969 13.424861
0.335606 13.343747
0.337243 13.259003
0.338880 13.170580
0.340517 13.078424
0.342155 12.982481
0.343792 12.882696
0.345429 12.779017
0.347066 12.671390
0.348703 12.559770
0.350340 12.444113
0.351977 12.324383
0.353614 12.200552
0.355251 12.072602
0.356889 11.940526
0.358526 11.804328
0.360163 11.664027
0.361800 11.519656
0.363437 11.371265
0.365074 11.218920
0.366711 11.062705
0.368348 10.902723
0.369985 10.739093
0.371623 10.571955
0.373260 10.401468
0.374897 10.227806
0.376534 10.051162
0.378171 9.871745
0.379808 9.689779
0.381445 9.505502
0.383082 9.319163
0.384719 9.131021
0.386356 8.941345
0.387993 8.750408
0.389631 8.558490
0.391268 8.365871
0.392905 8.172831
0.394542 7.979649
0.396179 7.786601
0.397816 7.593955
0.399453 7.401974
0.401090 7.210910
0.402728 7.021005
0.404365 6.832488
0.406002 6.645576
0.407639 6.460470
0.409276 6.277356
0.410913 6.096404
0.412550 5.917765
0.414187 5.741575
0.415824 5.567947
0.417461 5.396981
0.419098 5.228755
0.420736 5.063328
0.422373 4.900742
0.424010 4.741019
0.425647 4.584166
0.427284 4.430168
0.428921 4.278997
0.430558 4.130610
0.432195 3.984945
0.433832 3.841929
0.435470 3.701478
0.437107 3.563494
0.438744 3.427870
0.440381 3.294491
0.442018 3.163235
0.443655 3.033974
0.445292 2.906578
0.446929 2.780911
0.448566 2.656841
0.450203 2.534231
0.451841 2.412950
0.453478 2.292868
0.455115 2.173860
0.456752 2.055805
0.458389 1.938588
0.460026 1.822103
0.461663 1.706249
0.463300 1.590934
0.464937 1.476072
0.466575 1.361588
0.468212 1.247415
0.469849 1.133492
0.471486 1.019767
0.473123 0.906198
0.474760 0.792746
0.476397 0.679382
0.478034 0.566081
0.479671 0.452825
0.481308 0.339600
0.482946 0.226395
0.484583 0.113207
0.486220 -0.001627


0.000000 -0.001099
0.001637 0.328906
0.003274 0.657686
0.004911 0.986203
0.006548 1.314329
0.008186 1.641935
0.009823 1.968892
0.011460 2.295074
0.013097 2.620357
0.014734 2.944617
0.016371 3.267736
0.018008 3.589593
0.019645 3.910076
0.021282 4.229071
0.022919 4.546470
0.024557 4.862169
0.026194 5.176065
0.027831 5.488062
0.029468 5.798068
0.031105 6.105993
0.032742 6.411754
0.034379 6.715272
0.036016 7.016475
0.037653 7.315292
0.039290 7.611662
0.040928 7.905528
0.042565 8.196837
0.044202 8.485544
0.045839 8.771610
0.047476 9.055002
0.049113 9.335691
0.050750 9.613659
0.052387 9.888891
0.054024 10.161379
0.055662 10.431122
0.057299 10.698128
0.058936 10.962407
0.060573 11.223980
0.062210 11.482872
0.063847 11.739117
0.065484 11.992753
0.067121 12.243827
0.068758 12.492390
0.070395 12.738500
0.072033 12.982222
0.073670 13.223624
0.075307 13.462782
0.076944 13.699773
0.078581 13.934681
0.080218 14.167593
0.081855 14.398597
0.083492 14.627785
0.085129 14.855247
0.086766 15.081075
0.088404 15.305358
0.090041 15.528185
0.091678 15.749636
0.093315 15.969790
0.094952 16.188714
0.096589 16.406470
0.098226 16.623105
0.099863 16.838655
0.101500 17.053140
0.103137 17.266564
0.104775 17.478911
0.106412 17.690144
0.108049 17.804853
0.109686 17.689902
0.111323 17.568727
0.112960 17.441980
0.114597 17.310317
0.116234 17.174397
0.117872 17.034877
0.119509 16.892408
0.121146 16.747638
0.122783 16.601203
0.124420 16.453726
0.126057 16.305817
0.127694 16.158069
0.129331 16.011052
0.130968 15.865316
0.132605 15.721385
0.134242 15.579756
0.135880 15.440897
0.137517 15.305244
0.139154 15.173198
0.140791 15.045127
0.142428 14.921359
0.144065 14.802186
0.145702 14.687860
0.147339 14.578592
0.148976 14.474551
0.150614 14.375867
0.152251 14.282628
0.153888 14.194882
0.155525 14.112635
0.157162 14.035859
0.158799 13.964486
0.160436 13.898413
0.162073 13.837508

0.162073 13.837508
0.163710 13.894158
0.165348 13.947351
0.166985 13.997066
0.168622 14.043265
0.170259 14.085901
0.171896 14.124909
0.173533 14.160208
0.175170 14.191701
0.176807 14.219272
0.178444 14.242787
0.180081 14.262092
0.181719 14.277015
0.183356 14.287360
0.184993 14.292917
0.186630 14.293452
0.188267 14.288719
0.189904 14.278455
0.191541 14.262389
0.193178 14.240247
0.194815 14.211757
0.196452 14.176663
0.198090 14.134732
0.199727 14.085772
0.201364 14.029644
0.203001 13.966283
0.204638 13.895710
0.206275 13.818052
0.207912 13.733556
0.209549 13.642598
0.211186 13.545695
0.212823 13.443500
0.214461 13.336807
0.216098 13.226534
0.217735 13.195742
0.219372 13.184430
0.221009 13.173269
0.222646 13.162355
0.224283 13.151786
0.225920 13.141664
0.227557 13.132086
0.229194 13.123149
0.230832 13.114946
0.232469 13.107562
0.234106 13.101076
0.235743 13.095558
0.237380 13.091069
0.239017 13.087658
0.240654 13.085362
0.242291 13.084208
0.243928 13.084208
0.245565 13.085362
0.247203 13.087658
0.248840 13.091069
0.250477 13.095558
0.252114 13.101076
0.253751 13.107562
0.255388 13.114946
0.257025 13.123149
0.258662 13.132086
0.260300 13.141664
0.261937 13.151786
0.263574 13.162355
0.265211 13.173269
0.266848 13.184430
0.268485 13.195742
0.270122 13.226534
0.271759 13.336807
0.273396 13.443500
0.275033 13.545695
0.276670 13.642598
0.278308 13.733556
0.279945 13.818052
0.281582 13.895710
0.283219 13.966283
0.284856 14.029644
0.286493 14.085772
0.288130 14.134732
0.289767 14.176663
0.291404 14.211757
0.293042 14.240247
0.294679 14.262389
0.296316 14.278455
0.297953 14.288719
0.299590 14.293452
0.301227 14.292917
0.302864 14.287360
0.304501 14.277015
0.306138 14.262092
0.307775 14.242787
0.309413 14.219272
0.311050 14.191701
0.312687 14.160208
0.314324 14.124909
0.315961 14.085901
0.317598 14.043265
0.319235 13.997066
0.320872 13.947351
0.322509 13.894158
0.324147 13.837508

0.324147 13.837508
0.325784 13.898413
0.327421 13.964486
0.329058 14.035859
0.330695 14.112635
0.332332 14.194882
0.333969 14.282628
0.335606 14.375867
0.337243 14.474551
0.338880 14.578592
0.340517 14.687860
0.342155 14.802186
0.343792 14.921359
0.345429 15.045127
0.347066 15.173198
0.348703 15.305244
0.350340 15.440897
0.351977 15.579756
0.353614 15.721385
0.355251 15.865316
0.356889 16.011052
0.358526 16.158069
0.360163 16.305817
0.361800 16.453726
0.363437 16.601203
0.365074 16.747638
0.366711 16.892408
0.368348 17.034877
0.369985 17.174397
0.371623 17.310317
0.373260 17.441980
0.374897 17.568727
0.376534 17.689902
0.378171 17.804853
0.379808 17.690144
0.381445 17.478911
0.383082 17.266564
0.384719 17.053140
0.386356 16.838655
0.387993 16.623105
0.389631 16.406470
0.391268 16.188714
0.392905 15.969790
0.394542 15.749636
0.396179 15.528185
0.397816 15.305358
0.399453 15.081075
0.401090 14.855247
0.402728 14.627785
0.404365 14.398597
0.406002 14.167593
0.407639 13.934681
0.409276 13.699773
0.410913 13.462782
0.412550 13.223624
0.414187 12.982222
0.415824 12.738500
0.417461 12.492390
0.419098 12.243827
0.420736 11.992753
0.422373 11.739117
0.424010 11.482872
0.425647 11.223980
0.427284 10.962407
0.428921 10.698128
0.430558 10.431123
0.432195 10.161379
0.433832 9.888891
0.435470 9.613659
0.437107 9.335691
0.438744 9.055002
0.440381 8.771610
0.442018 8.485544
0.443655 8.196837
0.445292 7.905528
0.446929 7.611662
0.448566 7.315292
0.450203 7.016475
0.451841 6.715272
0.453478 6.411754
0.455115 6.105993
0.456752 5.798068
0.458389 5.488062
0.460026 5.176065
0.461663 4.862169
0.463300 4.546470
0.464937 4.229071
0.466575 3.910076
0.468212 3.589593
0.469849 3.267736
0.471486 2.944618
0.473123 2.620357
0.474760 2.295074
0.476397 1.968892
0.478034 1.641935
0.479671 1.314329
0.481308 0.986204
0.482946 0.657686
0.484583 0.328907
0.486220 -0.001099


0.000000 0.001964
0.001637 0.533407
0.003274 1.066389
0.004911 1.598517
0.006548 2.129365
0.008186 2.658506
0.009823 3.185514
0.011460 3.709965
0.013097 4.231434
0.014734 4.749497
0.016371 5.263732
0.018008 5.773717
0.019645 6.279033
0.021282 6.779260
0.022919 7.273981
0.024557 7.762782
0.026194 8.245250
0.027831 8.720973
0.029468 9.189544
0.031105 9.650559
0.032742 10.103614
0.034379 10.548313
0.036016 10.984261
0.037653 11.411070
0.039290 11.828354
0.040928 12.235736
0.042565 12.632843
0.044202 13.019310
0.045839 13.394780
0.047476 13.758904
0.049113 14.111344
0.050750 14.451771
0.052387 14.779868
0.054024 15.095331
0.055662 15.397873
0.057299 15.687218
0.058936 15.963109
0.060573 16.225310
0.062210 16.473601
0.063847 16.707786
0.065484 16.927691
0.067121 17.133170
0.068758 17.324099
0.070395 17.500386
0.072033 17.661968
0.073670 17.808812
0.075307 17.940919
0.076944 18.058324
0.078581 18.161097
0.080218 18.249343
0.081855 18.323205
0.083492 18.382864
0.085129 18.428535
0.086766 18.460475
0.088404 18.478974
0.090041 18.484361
0.091678 18.476999
0.093315 18.457289
0.094952 18.425660
0.096589 18.382576
0.098226 18.328530
0.099863 18.264043
0.101500 18.189661
0.103137 18.105952
0.104775 18.013507
0.106412 17.912933
0.108049 17.900205
0.109686 18.109010
0.111323 18.316451
0.112960 18.522391
0.114597 18.726668
0.116234 18.929091
0.117872 19.129438
0.119509 19.327463
0.121146 19.522887
0.122783 19.715408
0.124420 19.904696
0.126057 20.090397
0.127694 20.272134
0.129331 20.449511
0.130968 20.622112
0.132605 20.789509
0.134242 20.951260
0.135880 21.106918
0.137517 21.256028
0.139154 21.398136
0.140791 21.532792
0.142428 21.659552
0.144065 21.777983
0.145702 21.887670
0.147339 21.988216
0.148976 22.079249
0.150614 22.160422
0.152251 22.231424
0.153888 22.291977
0.155525 22.341841
0.157162 22.380820
0.158799 22.408763
0.160436 22.425563
0.162073 22.431167

0.162073 22.431167
0.163710 22.425571
0.165348 22.408824
0.166985 22.381032
0.168622 22.342354
0.170259 22.293004
0.171896 22.233255
0.173533 22.163436
0.175170 22.083930
0.176807 21.995179
0.178444 21.897680
0.180081 21.791983
0.181719 21.678694
0.183356 21.558471
0.184993 21.432024
0.186630 21.300110
0.188267 21.163534
0.189904 21.023142
0.191541 20.879818
0.193178 20.734474
0.194815 20.588047
0.196452 20.441486
0.198090 20.295740
0.199727 20.151745
0.201364 20.010408
0.203001 19.872591
0.204638 19.739092
0.206275 19.610629
0.207912 19.487829
0.209549 19.371211
0.211186 19.261179
0.212823 19.158022
0.214461 19.061915
0.216098 18.972921
0.217735 18.891008
0.219372 18.816059
0.221009 18.747886
0.222646 18.686252
0.224283 18.630882
0.225920 18.581477
0.227557 18.537734
0.229194 18.499350
0.230832 18.466033
0.232469 18.437514
0.234106 18.413546
0.235743 18.393914
0.237380 18.378432
0.239017 18.366953
0.240654 18.359363
0.242291 18.355588
0.243928 18.355588
0.245565 18.359363
0.247203 18.366953
0.248840 18.378432
0.250477 18.393914
0.252114 18.413546
0.253751 18.437514
0.255388 18.466033
0.257025 18.499350
0.258662 18.537734
0.260300 18.581477
0.261937 18.630882
0.263574 18.686252
0.265211 18.747886
0.266848 18.816059
0.268485 18.891008
0.270122 18.972921
0.271759 19.061915
0.273396 19.158022
0.275033 19.261179
0.276670 19.371211
0.278308 19.487829
0.279945 19.610629
0.281582 19.739092
0.283219 19.872591
0.284856 20.010408
0.286493 20.151745
0.288130 20.295740
0.289767 20.441486
0.291404 20.588047
0.293042 20.734474
0.294679 20.879818
0.296316 21.023142
0.297953 21.163534
0.299590 21.300110
0.301227 21.432024
0.302864 21.558471
0.304501 21.678694
0.306138 21.791983
0.307775 21.897680
0.309413 21.995179
0.311050 22.083930
0.312687 22.163436
0.314324 22.233255
0.315961 22.293004
0.317598 22.342354
0.319235 22.381032
0.320872 22.408824
0.322509 22.425571
0.324147 22.431167

0.324147 22.431167
0.325784 22.425563
0.327421 22.408763
0.329058 22.380820
0.330695 22.341841
0.332332 22.291977
0.333969 22.231424
0.335606 22.160422
0.337243 22.079249
0.338880 21.988216
0.340517 21.887670
0.342155 21.777983
0.343792 21.659552
0.345429 21.532792
0.347066 21.398136
0.348703 21.256028
0.350340 21.106918
0.351977 20.951260
0.353614 20.789509
0.355251 20.622112
0.356889 20.449511
0.358526 20.272134
0.360163 20.090397
0.361800 19.904696
0.363437 19.715408
0.365074 19.522887
0.366711 19.327463
0.368348 19.129438
0.369985 18.929091
0.371623 18.726668
0.373260 18.522391
0.374897 18.316451
0.376534 18.109010
0.378171 17.900205
0.379808 17.912933
0.381445 18.013507
0.383082 18.105952
0.384719 18.189661
0.386356 18.264043
0.387993 18.328530
0.389631 18.382576
0.391268 18.425660
0.392905 18.457289
0.394542 18.477000
0.396179 18.484361
0.397816 18.478974
0.399453 18.460475
0.401090 18.428535
0.402728 18.382864
0.404365 18.323205
0.406002 18.249343
0.407639 18.161097
0.409276 18.058324
0.410913 17.940919
0.412550 17.808812
0.414187 17.661968
0.415824 17.500386
0.417461 17.324099
0.419098 17.133170
0.420736 16.927691
0.422373 16.707786
0.424010 16.473601
0.425647 16.225310
0.427284 15.963110
0.428921 15.687218
0.430558 15.397873
0.432195 15.095331
0.433832 14.779868
0.435470 14.451771
0.437107 14.111344
0.438744 13.758904
0.440381 13.394780
0.442018 13.019310
0.443655 12.632843
0.445292 12.235736
0.446929 11.828354
0.448566 11.411070
0.450203 10.984261
0.451841 10.548313
0.453478 10.103614
0.455115 9.650559
0.456752 9.189544
0.458389 8.720973
0.460026 8.245250
0.461663 7.762782
0.463300 7.273981
0.464937 6.779260
0.466575 6.279033
0.468212 5.773717
0.469849 5.263732
0.471486 4.749497
0.473123 4.231434
0.474760 3.709965
0.476397 3.185514
0.478034 2.658506
0.479671 2.129365
0.481308 1.598517
0.482946 1.066389
0.484583 0.533406
0.486220 0.001964


0.000000 52.554372
0.001637 52.553093
0.003274 52.549257
0.004911 52.542867
0.006548 52.533929
0.008186 52.522447
0.009823 52.508431
0.011460 52.491893
0.013097 52.472843
0.014734 52.451299
0.016371 52.427276
0.018008 52.400796
0.019645 52.371880
0.021282 52.340554
0.022919 52.306847
0.024557 52.270790
0.026194 52.232417
0.027831 52.191768
0.029468 52.148885
0.031105 52.103814
0.032742 52.056606
0.034379 52.007316
0.036016 51.956005
0.037653 51.902738
0.039290 51.847586
0.040928 51.790624
0.042565 51.731934
0.044202 51.671605
0.045839 51.609730
0.047476 51.546409
0.049113 51.481750
0.050750 51.415864
0.052387 51.348871
0.054024 51.280895
0.055662 51.212068
0.057299 51.142525
0.058936 51.072409
0.060573 51.001865
0.062210 50.931043
0.063847 50.860095
0.065484 50.789178
0.067121 50.718449
0.068758 50.648063
0.070395 50.578177
0.072033 50.508946
0.073670 50.440521
0.075307 50.373048
0.076944 50.306668
0.078581 50.241514
0.080218 50.177714
0.081855 50.115383
0.083492 50.054628
0.085129 49.995545
0.086766 49.938217
0.088404 49.882716
0.090041 49.829101
0.091678 49.777419
0.093315 49.727702
0.094952 49.679972
0.096589 49.634237
0.098226 49.590495
0.099863 49.548732
0.101500 49.508924
0.103137 49.471038
0.104775 49.435033
0.106412 49.400860
0.108049 49.368465
0.109686 49.337789
0.111323 49.308768
0.112960 49.281337
0.114597 49.255428
0.116234 49.230972
0.117872 49.207902
0.119509 49.186151
0.121146 49.165651
0.122783 49.146341
0.124420 49.128160
0.126057 49.111051
0.127694 49.094960
0.129331 49.079837
0.130968 49.065638
0.132605 49.052320
0.134242 49.039847
0.135880 49.028186
0.137517 49.017309
0.139154 49.007190
0.140791 48.997809
0.142428 48.989150
0.144065 48.981197
0.145702 48.973942
0.147339 48.967376
0.148976 48.961495
0.150614 48.956296
0.152251 48.951779
0.153888 48.947945
0.155525 48.944798
0.157162 48.942340
0.158799 48.940578
0.160436 48.939516
0.162073 48.939160

0.162073 48.939160
0.163710 48.939518
0.165348 48.940593
0.166985 48.942393
0.168622 48.944922
0.170259 48.948183
0.171896 48.952179
0.173533 48.956913
0.175170 48.962384
0.176807 48.968590
0.178444 48.975529
0.180081 48.983193
0.181719 48.991576
0.183356 49.000667
0.184993 49.010454
0.186630 49.020920
0.188267 49.032048
0.189904 49.043816
0.191541 49.056199
0.193178 49.069170
0.194815 49.082698
0.196452 49.096748
0.198090 49.111283
0.199727 49.126260
0.201364 49.141635
0.203001 49.157358
0.204638 49.173378
0.206275 49.189636
0.207912 49.206074
0.209549 49.222626
0.211186 49.239224
0.212823 49.255797
0.214461 49.272268
0.216098 49.288559
0.217735 49.304585
0.219372 49.320261
0.221009 49.335497
0.222646 49.350201
0.224283 49.364278
0.225920 49.377633
0.227557 49.390171
0.229194 49.401794
0.230832 49.412411
0.232469 49.421931
0.234106 49.430269
0.235743 49.437348
0.237380 49.443100
0.239017 49.447467
0.240654 49.450404
0.242291 49.451880
0.243928 49.451880
0.245565 49.450404
0.247203 49.447467
0.248840 49.443100
0.250477 49.437348
0.252114 49.430269
0.253751 49.421931
0.255388 49.412411
0.257025 49.401794
0.258662 49.390171
0.260300 49.377633
0.261937 49.364278
0.263574 49.350201
0.265211 49.335497
0.266848 49.320261
0.268485 49.304585
0.270122 49.288559
0.271759 49.272268
0.273396 49.255797
0.275033 49.239224
0.276670 49.222626
0.278308 49.206074
0.279945 49.189636
0.281582 49.173378
0.283219 49.157358
0.284856 49.141635
0.286493 49.126260
0.288130 49.111283
0.289767 49.096748
0.291404 49.082698
0.293042 49.069170
0.294679 49.056199
0.296316 49.043816
0.297953 49.032048
0.299590 49.020920
0.301227 49.010454
0.302864 49.000667
0.304501 48.991576
0.306138 48.983193
0.307775 48.975529
0.309413 48.968590
0.311050 48.962384
0.312687 48.956913
0.314324 48.952179
0.315961 48.948183
0.317598 48.944922
0.319235 48.942393
0.320872 48.940593
0.322509 48.939518
0.324147 48.939160

0.324147 48.939160
0.325784 48.939516
0.327421 48.940578
0.329058 48.942340
0.330695 48.944798
0.332332 48.947945
0.333969 48.951779
0.335606 48.956296
0.337243 48.961495
0.338880 48.967376
0.340517 48.973942
0.342155 48.981197
0.343792 48.989150
0.345429 48.997809
0.347066 49.007190
0.348703 49.017309
0.350340 49.028186
0.351977 49.039847
0.353614 49.052320
0.355251 49.065638
0.356889 49.079837
0.358526 49.094960
0.360163 49.111051
0.361800 49.128160
0.363437 49.146341
0.365074 49.165651
0.366711 49.186151
0.368348 49.207902
0.369985 49.230972
0.371623 49.255428
0.373260 49.281337
0.374897 49.308768
0.376534 49.337789
0.378171 49.368465
0.379808 49.400860
0.381445 49.435033
0.383082 49.471038
0.384719 49.508924
0.386356 49.548732
0.387993 49.590495
0.389631 49.634237
0.391268 49.679972
0.392905 49.727702
0.394542 49.777419
0.396179 49.829101
0.397816 49.882716
0.399453 49.938217
0.401090 49.995545
0.402728 50.054628
0.404365 50.115383
0.406002 50.177714
0.407639 50.241514
0.409276 50.306668
0.410913 50.373048
0.412550 50.440521
0.414187 50.508946
0.415824 50.578177
0.417461 50.648063
0.419098 50.718449
0.420736 50.789178
0.422373 50.860095
0.424010 50.931043
0.425647 51.001865
0.427284 51.072409
0.428921 51.142525
0.430558 51.212068
0.432195 51.280895
0.433832 51.348871
0.435470 51.415864
0.437107 51.481750
0.438744 51.546409
0.440381 51.609730
0.442018 51.671605
0.443655 51.731934
0.445292 51.790624
0.446929 51.847586
0.448566 51.902738
0.450203 51.956005
0.451841 52.007316
0.453478 52.056606
0.455115 52.103814
0.456752 52.148885
0.458389 52.191768
0.460026 52.232417
0.461663 52.270790
0.463300 52.306847
0.464937 52.340554
0.466575 52.371880
0.468212 52.400796
0.469849 52.427276
0.471486 52.451299
0.473123 52.472843
0.474760 52.491893
0.476397 52.508431
0.478034 52.522447
0.479671 52.533929
0.481308 52.542867
0.482946 52.549257
0.484583 52.553093
0.486220 52.554372


0.000000 52.554372
0.001637 52.554613
0.003274 52.555338
0.004911 52.556543
0.006548 52.558226
0.008186 52.560384
0.009823 52.563010
0.011460 52.566098
0.013097 52.569641
0.014734 52.573629
0.016371 52.578051
0.018008 52.582895
0.019645 52.588147
0.021282 52.593793
0.022919 52.599814
0.024557 52.606193
0.026194 52.612907
0.027831 52.619936
0.029468 52.627253
0.031105 52.634832
0.032742 52.642645
0.034379 52.650661
0.036016 52.658847
0.037653 52.667168
0.039290 52.675588
0.040928 52.684067
0.042565 52.692564
0.044202 52.701037
0.045839 52.709442
0.047476 52.717732
0.049113 52.725859
0.050750 52.733776
0.052387 52.741430
0.054024 52.748772
0.055662 52.755749
0.057299 52.762310
0.058936 52.768401
0.060573 52.773971
0.062210 52.778966
0.063847 52.783336
0.065484 52.787031
0.067121 52.790000
0.068758 52.792198
0.070395 52.793578
0.072033 52.794098
0.073670 52.793718
0.075307 52.792402
0.076944 52.790118
0.078581 52.786837
0.080218 52.782535
0.081855 52.777193
0.083492 52.770798
0.085129 52.763344
0.086766 52.754830
0.088404 52.745261
0.090041 52.734651
0.091678 52.723021
0.093315 52.710401
0.094952 52.696830
0.096589 52.682354
0.098226 52.667029
0.099863 52.650923
0.101500 52.634113
0.103137 52.616684
0.104775 52.598737
0.106412 52.580379
0.108049 52.561731
0.109686 52.542926
0.111323 52.524107
0.112960 52.505430
0.114597 52.487062
0.116234 52.469181
0.117872 52.451978
0.119509 52.435653
0.121146 52.420418
0.122783 52.406495
0.124420 52.394115
0.126057 52.383518
0.127694 52.374952
0.129331 52.368669
0.130968 52.364929
0.132605 52.363994
0.134242 52.366129
0.135880 52.371599
0.137517 52.380665
0.139154 52.393586
0.140791 52.410616
0.142428 52.431997
0.144065 52.457961
0.145702 52.488728
0.147339 52.524500
0.148976 52.565460
0.150614 52.611770
0.152251 52.663571
0.153888 52.720974
0.155525 52.784066
0.157162 52.852902
0.158799 52.927509
0.160436 53.007880
0.162073 53.093976

0.162073 53.093976
0.163710 53.005731
0.165348 52.918889
0.166985 52.833473
0.168622 52.749510
0.170259 52.667027
0.171896 52.586051
0.173533 52.506608
0.175170 52.428726
0.176807 52.352431
0.178444 52.277749
0.180081 52.204702
0.181719 52.133315
0.183356 52.063608
0.184993 51.995600
0.186630 51.929309
0.188267 51.864749
0.189904 51.801934
0.191541 51.740873
0.193178 51.681577
0.194815 51.624050
0.196452 51.568299
0.198090 51.514324
0.199727 51.462128
0.201364 51.411710
0.203001 51.363069
0.204638 51.316204
0.206275 51.271112
0.207912 51.227793
0.209549 51.186245
0.211186 51.146469
0.212823 51.108467
0.214461 51.072244
0.216098 51.037807
0.217735 51.005167
0.219372 50.974338
0.221009 50.945337
0.222646 50.918188
0.224283 50.892917
0.225920 50.869554
0.227557 50.848133
0.229194 50.828692
0.230832 50.811270
0.232469 50.795909
0.234106 50.782648
0.235743 50.771527
0.237380 50.762581
0.239017 50.755843
0.240654 50.751336
0.242291 50.749078
0.243928 50.749078
0.245565 50.751336
0.247203 50.755843
0.248840 50.762581
0.250477 50.771527
0.252114 50.782648
0.253751 50.795909
0.255388 50.811270
0.257025 50.828692
0.258662 50.848133
0.260300 50.869554
0.261937 50.892917
0.263574 50.918188
0.265211 50.945337
0.266848 50.974338
0.268485 51.005167
0.270122 51.037807
0.271759 51.072244
0.273396 51.108467
0.275033 51.146469
0.276670 51.186245
0.278308 51.227793
0.279945 51.271112
0.281582 51.316204
0.283219 51.363069
0.284856 51.411710
0.286493 51.462128
0.288130 51.514324
0.289767 51.568299
0.291404 51.624050
0.293042 51.681577
0.294679 51.740873
0.296316 51.801934
0.297953 51.864749
0.299590 51.929309
0.301227 51.995600
0.302864 52.063608
0.304501 52.133315
0.306138 52.204702
0.307775 52.277749
0.309413 52.352431
0.311050 52.428726
0.312687 52.506608
0.314324 52.586051
0.315961 52.667027
0.317598 52.749510
0.319235 52.833473
0.320872 52.918889
0.322509 53.005731
0.324147 53.093976

0.324147 53.093976
0.325784 53.007880
0.327421 52.927509
0.329058 52.852902
0.330695 52.784066
0.332332 52.720974
0.333969 52.663571
0.335606 52.611770
0.337243 52.565460
0.338880 52.524500
0.340517 52.488728
0.342155 52.457961
0.343792 52.431997
0.345429 52.410616
0.347066 52.393586
0.348703 52.380665
0.350340 52.371599
0.351977 52.366129
0.353614 52.363994
0.355251 52.364929
0.356889 52.368669
0.358526 52.374952
0.360163 52.383518
0.361800 52.394115
0.363437 52.406495
0.365074 52.420418
0.366711 52.435653
0.368348 52.451978
0.369985 52.469181
0.371623 52.487062
0.373260 52.505430
0.374897 52.524107
0.376534 52.542926
0.378171 52.561731
0.379808 52.580379
0.381445 52.598737
0.383082 52.616684
0.384719 52.634113
0.386356 52.650923
0.387993 52.667029
0.389631 52.682354
0.391268 52.696830
0.392905 52.710401
0.394542 52.723021
0.396179 52.734651
0.397816 52.745261
0.399453 52.754830
0.401090 52.763344
0.402728 52.770798
0.404365 52.777193
0.406002 52.782535
0.407639 52.786837
0.409276 52.790118
0.410913 52.792402
0.412550 52.793718
0.414187 52.794098
0.415824 52.793578
0.417461 52.792198
0.419098 52.790000
0.420736 52.787031
0.422373 52.783336
0.424010 52.778966
0.425647 52.773971
0.427284 52.768401
0.428921 52.762310
0.430558 52.755749
0.432195 52.748772
0.433832 52.741430
0.435470 52.733776
0.437107 52.725859
0.438744 52.717732
0.440381 52.709442
0.442018 52.701037
0.443655 52.692564
0.445292 52.684067
0.446929 52.675588
0.448566 52.667168
0.450203 52.658847
0.451841 52.650661
0.453478 52.642645
0.455115 52.634832
0.456752 52.627253
0.458389 52.619936
0.460026 52.612907
0.461663 52.606193
0.463300 52.599814
0.464937 52.593793
0.466575 52.588147
0.468212 52.582895
0.469849 52.578051
0.471486 52.573629
0.473123 52.569641
0.474760 52.566098
0.476397 52.563010
0.478034 52.560384
0.479671 52.558226
0.481308 52.556543
0.482946 52.555338
0.484583 52.554613
0.486220 52.554372


0.000000 66.384008
0.001637 66.379880
0.003274 66.367505
0.004911 66.346906
0.006548 66.318120
0.008186 66.281202
0.009823 66.236221
0.011460 66.183260
0.013097 66.122417
0.014734 66.053807
0.016371 65.977557
0.018008 65.893810
0.019645 65.802721
0.021282 65.704461
0.022919 65.599213
0.024557 65.487172
0.026194 65.368548
0.027831 65.243561
0.029468 65.112443
0.031105 64.975438
0.032742 64.832797
0.034379 64.684786
0.036016 64.531674
0.037653 64.373743
0.039290 64.211278
0.040928 64.044575
0.042565 63.873932
0.044202 63.699652
0.045839 63.522041
0.047476 63.341410
0.049113 63.158069
0.050750 62.972327
0.052387 62.784494
0.054024 62.594876
0.055662 62.403778
0.057299 62.211496
0.058936 62.018325
0.060573 61.824548
0.062210 61.630443
0.063847 61.436279
0.065484 61.242312
0.067121 61.048788
0.068758 60.855943
0.070395 60.663996
0.072033 60.473156
0.073670 60.283617
0.075307 60.095558
0.076944 59.909143
0.078581 59.724523
0.080218 59.541831
0.081855 59.361188
0.083492 59.182699
0.085129 59.006454
0.086766 58.832531
0.088404 58.660993
0.090041 58.491889
0.091678 58.325258
0.093315 58.161125
0.094952 57.999505
0.096589 57.840404
0.098226 57.683817
0.099863 57.529730
0.101500 57.378123
0.103137 57.228967
0.104775 57.082227
0.106412 56.937864
0.108049 56.795833
0.109686 56.656085
0.111323 56.518568
0.112960 56.383228
0.114597 56.250008
0.116234 56.118849
0.117872 55.989694
0.119509 55.862483
0.121146 55.737158
0.122783 55.613661
0.124420 55.491935
0.126057 55.371926
0.127694 55.253580
0.129331 55.136848
0.130968 55.021683
0.132605 54.908038
0.134242 54.795873
0.135880 54.685151
0.137517 54.575837
0.139154 54.467901
0.140791 54.361317
0.142428 54.256062
0.144065 54.152118
0.145702 54.049472
0.147339 53.948112
0.148976 53.848032
0.150614 53.749232
0.152251 53.651711
0.153888 53.555475
0.155525 53.460533
0.157162 53.366896
0.158799 53.274579
0.160436 53.183599
0.162073 53.093976

0.162073 53.093976
0.163710 53.185726
0.165348 53.283025
0.166985 53.385737
0.168622 53.493693
0.170259 53.606693
0.171896 53.724509
0.173533 53.846885
0.175170 53.973540
0.176807 54.104167
0.178444 54.238439
0.180081 54.376012
0.181719 54.516522
0.183356 54.659593
0.184993 54.804836
0.186630 54.951854
0.188267 55.100242
0.189904 55.249591
0.191541 55.399488
0.193178 55.549521
0.194815 55.699279
0.196452 55.848352
0.198090 55.996338
0.199727 56.142838
0.201364 56.287463
0.203001 56.429829
0.204638 56.569565
0.206275 56.706309
0.207912 56.839711
0.209549 56.969433
0.211186 57.095149
0.212823 57.216547
0.214461 57.333329
0.216098 57.445211
0.217735 57.551924
0.219372 57.653212
0.221009 57.748837
0.222646 57.838573
0.224283 57.922214
0.225920 57.999565
0.227557 58.070450
0.229194 58.134708
0.230832 58.192192
0.232469 58.242774
0.234106 58.286340
0.235743 58.322794
0.237380 58.352054
0.239017 58.374056
0.240654 58.388751
0.242291 58.396107
0.243928 58.396107
0.245565 58.388751
0.247203 58.374056
0.248840 58.352054
0.250477 58.322794
0.252114 58.286340
0.253751 58.242774
0.255388 58.192192
0.257025 58.134708
0.258662 58.070450
0.260300 57.999565
0.261937 57.922214
0.263574 57.838573
0.265211 57.748837
0.266848 57.653212
0.268485 57.551924
0.270122 57.445211
0.271759 57.333329
0.273396 57.216547
0.275033 57.095149
0.276670 56.969433
0.278308 56.839711
0.279945 56.706309
0.281582 56.569565
0.283219 56.429829
0.284856 56.287463
0.286493 56.142838
0.288130 55.996338
0.289767 55.848352
0.291404 55.699279
0.293042 55.549521
0.294679 55.399488
0.296316 55.249591
0.297953 55.100242
0.299590 54.951854
0.301227 54.804836
0.302864 54.659593
0.304501 54.516522
0.306138 54.376012
0.307775 54.238439
0.309413 54.104167
0.311050 53.973540
0.312687 53.846885
0.314324 53.724509
0.315961 53.606693
0.317598 53.493693
0.319235 53.385737
0.320872 53.283025
0.322509 53.185726
0.324147 53.093976

0.324147 53.093976
0.325784 53.183599
0.327421 53.274579
0.329058 53.366896
0.330695 53.460533
0.332332 53.555475
0.333969 53.651711
0.335606 53.749232
0.337243 53.848032
0.338880 53.948112
0.340517 54.049472
0.342155 54.152118
0.343792 54.256062
0.345429 54.361317
0.347066 54.467901
0.348703 54.575837
0.350340 54.685151
0.351977 54.795873
0.353614 54.908038
0.355251 55.021683
0.356889 55.136848
0.358526 55.253580
0.360163 55.371926
0.361800 55.491935
0.363437 55.613661
0.365074 55.737158
0.366711 55.862483
0.368348 55.989694
0.369985 56.118849
0.371623 56.250008
0.373260 56.383228
0.374897 56.518568
0.376534 56.656085
0.378171 56.795833
0.379808 56.937864
0.381445 57.082227
0.383082 57.228967
0.384719 57.378123
0.386356 57.529730
0.387993 57.683817
0.389631 57.840404
0.391268 57.999505
0.392905 58.161125
0.394542 58.325258
0.396179 58.491889
0.397816 58.660993
0.399453 58.832531
0.401090 59.006454
0.402728 59.182699
0.404365 59.361188
0.406002 59.541831
0.407639 59.724523
0.409276 59.909143
0.410913 60.095558
0.412550 60.283617
0.414187 60.473156
0.415824 60.663996
0.417461 60.855943
0.419098 61.048788
0.420736 61.242312
0.422373 61.436279
0.424010 61.630443
0.425647 61.824548
0.427284 62.018325
0.428921 62.211496
0.430558 62.403778
0.432195 62.594876
0.433832 62.784494
0.435470 62.972327
0.437107 63.158069
0.438744 63.341410
0.440381 63.522041
0.442018 63.699652
0.443655 63.873932
0.445292 64.044575
0.446929 64.211278
0.448566 64.373743
0.450203 64.531674
0.451841 64.684786
0.453478 64.832797
0.455115 64.975438
0.456752 65.112443
0.458389 65.243561
0.460026 65.368548
0.461663 65.487172
0.463300 65.599213
0.464937 65.704461
0.466575 65.802721
0.468212 65.893810
0.469849 65.977557
0.471486 66.053807
0.473123 66.122417
0.474760 66.183260
0.476397 66.236221
0.478034 66.281202
0.479671 66.318120
0.481308 66.346906
0.482946 66.367505
0.484583 66.379880
0.486220 66.384008


