  18   18
1 1
     5.966371846380515     0.000000000000000     0.000000000000000
     0.000000000000000     5.966371846380515     0.000000000000000
     0.000000000000000     0.000000000000000     7.231732845680980
1 2
    -0.212987459192530     0.002802315744292    -0.026275378417160
    -0.002802315744292     0.147322850032378     0.188253412968351
     0.026275378417160     0.188253412968351     0.297456748527011
1 3
    -0.212987459192530    -0.002802315744292     0.026275378417160
     0.002802315744292     0.147322850032378     0.188253412968351
    -0.026275378417160     0.188253412968351     0.297456748527011
1 4
     0.057245272726151     0.158821254148193    -0.149894548294973
     0.153216622659610    -0.122909881886303    -0.116881855551642
    -0.176169926712133    -0.071371557416709     0.297456748527011
1 5
     0.057245272726151    -0.158821254148193     0.149894548294973
    -0.153216622659610    -0.122909881886303    -0.116881855551642
     0.176169926712133    -0.071371557416709     0.297456748527011
1 6
    -0.037010668518877     0.000000000000000     0.000000000000000
    -0.000000000000000    -0.037010668518877    -0.000000000000000
    -0.000000000000000     0.000000000000000     0.035364194999403
1 7
     0.057245272726151     0.153216622659610    -0.176169926712133
     0.158821254148193    -0.122909881886303    -0.071371557416709
    -0.149894548294973    -0.116881855551642     0.297456748527011
1 8
    -0.037010668518877    -0.000000000000000    -0.000000000000000
     0.000000000000000    -0.037010668518877     0.000000000000000
     0.000000000000000    -0.000000000000000     0.035364194999403
1 9
     0.057245272726151    -0.153216622659610     0.176169926712133
    -0.158821254148193    -0.122909881886303    -0.071371557416709
     0.149894548294973    -0.116881855551642     0.297456748527011
1 10
    -2.494037285131570     1.161182234527354     2.289947379558647
     1.161182234527354    -1.153219535054075    -1.322101737129086
     2.289947379558647    -1.322101737129086    -2.803418557547301
1 11
    -2.494037285131570    -1.161182234527354    -2.289947379558647
    -1.161182234527354    -1.153219535054075    -1.322101737129086
    -2.289947379558647    -1.322101737129086    -2.803418557547301
1 12
    -0.153155090125504    -0.000000000000000     0.000000000000000
    -0.000000000000000    -0.057225515761265    -0.074892621181839
     0.000000000000000    -0.074892621181839    -0.161572334293935
1 13
    -0.081207910597721     0.041538724758250     0.064858912560113
     0.041538724758250    -0.129172700270633     0.037446308100127
     0.064858912560113     0.037446308100127    -0.161572334293935
1 14
     0.037912210808376     0.000000000000000    -0.000000000000000
     0.000000000000000     0.022820759028642    -0.016988110445571
    -0.000000000000000    -0.016988110445571    -0.064076345457796
1 15
    -0.081207910597721    -0.041538724758250    -0.064858912560113
    -0.041538724758250    -0.129172700270633     0.037446308100127
    -0.064858912560113     0.037446308100127    -0.161572334293935
1 16
    -0.482810660015328     0.000000000000000     0.000000000000000
     0.000000000000000    -3.164446160170317     2.644203474258171
     0.000000000000000     2.644203474258171    -2.803418557547301
1 17
     0.026593621973576     0.006534788000548    -0.014712133995003
     0.006534788000548     0.034139347863443     0.008494055222786
    -0.014712133995003     0.008494055222786    -0.064076345457796
1 18
     0.026593621973576    -0.006534788000548     0.014712133995003
    -0.006534788000548     0.034139347863443     0.008494055222786
     0.014712133995003     0.008494055222786    -0.064076345457796
2 1
    -0.212987459192530    -0.002802315744292     0.026275378417160
     0.002802315744292     0.147322850032378     0.188253412968351
    -0.026275378417160     0.188253412968351     0.297456748527011
2 2
     5.966371846380515     0.000000000000000     0.000000000000000
     0.000000000000000     5.966371846380515     0.000000000000000
     0.000000000000000     0.000000000000000     7.231732845680980
2 3
    -0.212987459192530     0.002802315744292    -0.026275378417160
    -0.002802315744292     0.147322850032378     0.188253412968351
     0.026275378417160     0.188253412968351     0.297456748527011
2 4
    -0.037010668518877     0.000000000000000     0.000000000000000
    -0.000000000000000    -0.037010668518877    -0.000000000000000
    -0.000000000000000     0.000000000000000     0.035364194999403
2 5
     0.057245272726151     0.158821254148193    -0.149894548294973
     0.153216622659610    -0.122909881886303    -0.116881855551642
    -0.176169926712133    -0.071371557416709     0.297456748527011
2 6
     0.057245272726151    -0.158821254148193     0.149894548294973
    -0.153216622659610    -0.122909881886303    -0.116881855551642
     0.176169926712133    -0.071371557416709     0.297456748527011
2 7
     0.057245272726151    -0.153216622659610     0.176169926712133
    -0.158821254148193    -0.122909881886303    -0.071371557416709
     0.149894548294973    -0.116881855551642     0.297456748527011
2 8
     0.057245272726151     0.153216622659610    -0.176169926712133
     0.158821254148193    -0.122909881886303    -0.071371557416709
    -0.149894548294973    -0.116881855551642     0.297456748527011
2 9
    -0.037010668518877    -0.000000000000000    -0.000000000000000
     0.000000000000000    -0.037010668518877     0.000000000000000
     0.000000000000000    -0.000000000000000     0.035364194999403
2 10
    -0.153155090125504    -0.000000000000000     0.000000000000000
    -0.000000000000000    -0.057225515761265    -0.074892621181839
     0.000000000000000    -0.074892621181839    -0.161572334293935
2 11
    -2.494037285131570     1.161182234527354     2.289947379558647
     1.161182234527354    -1.153219535054075    -1.322101737129086
     2.289947379558647    -1.322101737129086    -2.803418557547301
2 12
    -2.494037285131570    -1.161182234527354    -2.289947379558647
    -1.161182234527354    -1.153219535054075    -1.322101737129086
    -2.289947379558647    -1.322101737129086    -2.803418557547301
2 13
    -0.081207910597721    -0.041538724758250    -0.064858912560113
    -0.041538724758250    -0.129172700270633     0.037446308100127
    -0.064858912560113     0.037446308100127    -0.161572334293935
2 14
    -0.081207910597721     0.041538724758250     0.064858912560113
     0.041538724758250    -0.129172700270633     0.037446308100127
     0.064858912560113     0.037446308100127    -0.161572334293935
2 15
     0.037912210808376     0.000000000000000    -0.000000000000000
     0.000000000000000     0.022820759028642    -0.016988110445571
    -0.000000000000000    -0.016988110445571    -0.064076345457796
2 16
     0.026593621973576    -0.006534788000548     0.014712133995003
    -0.006534788000548     0.034139347863443     0.008494055222786
     0.014712133995003     0.008494055222786    -0.064076345457796
2 17
    -0.482810660015328     0.000000000000000     0.000000000000000
     0.000000000000000    -3.164446160170317     2.644203474258171
     0.000000000000000     2.644203474258171    -2.803418557547301
2 18
     0.026593621973576     0.006534788000548    -0.014712133995003
     0.006534788000548     0.034139347863443     0.008494055222786
    -0.014712133995003     0.008494055222786    -0.064076345457796
3 1
    -0.212987459192530     0.002802315744292    -0.026275378417160
    -0.002802315744292     0.147322850032378     0.188253412968351
     0.026275378417160     0.188253412968351     0.297456748527011
3 2
    -0.212987459192530    -0.002802315744292     0.026275378417160
     0.002802315744292     0.147322850032378     0.188253412968351
    -0.026275378417160     0.188253412968351     0.297456748527011
3 3
     5.966371846380515     0.000000000000000     0.000000000000000
     0.000000000000000     5.966371846380515     0.000000000000000
     0.000000000000000     0.000000000000000     7.231732845680980
3 4
     0.057245272726151    -0.158821254148193     0.149894548294973
    -0.153216622659610    -0.122909881886303    -0.116881855551642
     0.176169926712133    -0.071371557416709     0.297456748527011
3 5
    -0.037010668518877     0.000000000000000     0.000000000000000
    -0.000000000000000    -0.037010668518877    -0.000000000000000
    -0.000000000000000     0.000000000000000     0.035364194999403
3 6
     0.057245272726151     0.158821254148193    -0.149894548294973
     0.153216622659610    -0.122909881886303    -0.116881855551642
    -0.176169926712133    -0.071371557416709     0.297456748527011
3 7
    -0.037010668518877    -0.000000000000000    -0.000000000000000
     0.000000000000000    -0.037010668518877     0.000000000000000
     0.000000000000000    -0.000000000000000     0.035364194999403
3 8
     0.057245272726151    -0.153216622659610     0.176169926712133
    -0.158821254148193    -0.122909881886303    -0.071371557416709
     0.149894548294973    -0.116881855551642     0.297456748527011
3 9
     0.057245272726151     0.153216622659610    -0.176169926712133
     0.158821254148193    -0.122909881886303    -0.071371557416709
    -0.149894548294973    -0.116881855551642     0.297456748527011
3 10
    -2.494037285131570    -1.161182234527354    -2.289947379558647
    -1.161182234527354    -1.153219535054075    -1.322101737129086
    -2.289947379558647    -1.322101737129086    -2.803418557547301
3 11
    -0.153155090125504    -0.000000000000000     0.000000000000000
    -0.000000000000000    -0.057225515761265    -0.074892621181839
     0.000000000000000    -0.074892621181839    -0.161572334293935
3 12
    -2.494037285131570     1.161182234527354     2.289947379558647
     1.161182234527354    -1.153219535054075    -1.322101737129086
     2.289947379558647    -1.322101737129086    -2.803418557547301
3 13
     0.037912210808376     0.000000000000000    -0.000000000000000
     0.000000000000000     0.022820759028642    -0.016988110445571
    -0.000000000000000    -0.016988110445571    -0.064076345457796
3 14
    -0.081207910597721    -0.041538724758250    -0.064858912560113
    -0.041538724758250    -0.129172700270633     0.037446308100127
    -0.064858912560113     0.037446308100127    -0.161572334293935
3 15
    -0.081207910597721     0.041538724758250     0.064858912560113
     0.041538724758250    -0.129172700270633     0.037446308100127
     0.064858912560113     0.037446308100127    -0.161572334293935
3 16
     0.026593621973576     0.006534788000548    -0.014712133995003
     0.006534788000548     0.034139347863443     0.008494055222786
    -0.014712133995003     0.008494055222786    -0.064076345457796
3 17
     0.026593621973576    -0.006534788000548     0.014712133995003
    -0.006534788000548     0.034139347863443     0.008494055222786
     0.014712133995003     0.008494055222786    -0.064076345457796
3 18
    -0.482810660015328     0.000000000000000     0.000000000000000
     0.000000000000000    -3.164446160170317     2.644203474258171
     0.000000000000000     2.644203474258171    -2.803418557547301
4 1
     0.057245272726151     0.153216622659610    -0.176169926712133
     0.158821254148193    -0.122909881886303    -0.071371557416709
    -0.149894548294973    -0.116881855551642     0.297456748527011
4 2
    -0.037010668518877    -0.000000000000000    -0.000000000000000
     0.000000000000000    -0.037010668518877     0.000000000000000
     0.000000000000000    -0.000000000000000     0.035364194999403
4 3
     0.057245272726151    -0.153216622659610     0.176169926712133
    -0.158821254148193    -0.122909881886303    -0.071371557416709
     0.149894548294973    -0.116881855551642     0.297456748527011
4 4
     5.966371846380515     0.000000000000000     0.000000000000000
     0.000000000000000     5.966371846380515     0.000000000000000
     0.000000000000000     0.000000000000000     7.231732845680980
4 5
    -0.212987459192530     0.002802315744292    -0.026275378417160
    -0.002802315744292     0.147322850032378     0.188253412968351
     0.026275378417160     0.188253412968351     0.297456748527011
4 6
    -0.212987459192530    -0.002802315744292     0.026275378417160
     0.002802315744292     0.147322850032378     0.188253412968351
    -0.026275378417160     0.188253412968351     0.297456748527011
4 7
     0.057245272726151     0.158821254148193    -0.149894548294973
     0.153216622659610    -0.122909881886303    -0.116881855551642
    -0.176169926712133    -0.071371557416709     0.297456748527011
4 8
     0.057245272726151    -0.158821254148193     0.149894548294973
    -0.153216622659610    -0.122909881886303    -0.116881855551642
     0.176169926712133    -0.071371557416709     0.297456748527011
4 9
    -0.037010668518877     0.000000000000000     0.000000000000000
    -0.000000000000000    -0.037010668518877    -0.000000000000000
    -0.000000000000000     0.000000000000000     0.035364194999403
4 10
    -0.482810660015328     0.000000000000000     0.000000000000000
     0.000000000000000    -3.164446160170317     2.644203474258171
     0.000000000000000     2.644203474258171    -2.803418557547301
4 11
     0.026593621973576     0.006534788000548    -0.014712133995003
     0.006534788000548     0.034139347863443     0.008494055222786
    -0.014712133995003     0.008494055222786    -0.064076345457796
4 12
     0.026593621973576    -0.006534788000548     0.014712133995003
    -0.006534788000548     0.034139347863443     0.008494055222786
     0.014712133995003     0.008494055222786    -0.064076345457796
4 13
    -2.494037285131570     1.161182234527354     2.289947379558647
     1.161182234527354    -1.153219535054075    -1.322101737129086
     2.289947379558647    -1.322101737129086    -2.803418557547301
4 14
    -2.494037285131570    -1.161182234527354    -2.289947379558647
    -1.161182234527354    -1.153219535054075    -1.322101737129086
    -2.289947379558647    -1.322101737129086    -2.803418557547301
4 15
    -0.153155090125504    -0.000000000000000     0.000000000000000
    -0.000000000000000    -0.057225515761265    -0.074892621181839
     0.000000000000000    -0.074892621181839    -0.161572334293935
4 16
    -0.081207910597721     0.041538724758250     0.064858912560113
     0.041538724758250    -0.129172700270633     0.037446308100127
     0.064858912560113     0.037446308100127    -0.161572334293935
4 17
     0.037912210808376     0.000000000000000    -0.000000000000000
     0.000000000000000     0.022820759028642    -0.016988110445571
    -0.000000000000000    -0.016988110445571    -0.064076345457796
4 18
    -0.081207910597721    -0.041538724758250    -0.064858912560113
    -0.041538724758250    -0.129172700270633     0.037446308100127
    -0.064858912560113     0.037446308100127    -0.161572334293935
5 1
     0.057245272726151    -0.153216622659610     0.176169926712133
    -0.158821254148193    -0.122909881886303    -0.071371557416709
     0.149894548294973    -0.116881855551642     0.297456748527011
5 2
     0.057245272726151     0.153216622659610    -0.176169926712133
     0.158821254148193    -0.122909881886303    -0.071371557416709
    -0.149894548294973    -0.116881855551642     0.297456748527011
5 3
    -0.037010668518877    -0.000000000000000    -0.000000000000000
     0.000000000000000    -0.037010668518877     0.000000000000000
     0.000000000000000    -0.000000000000000     0.035364194999403
5 4
    -0.212987459192530    -0.002802315744292     0.026275378417160
     0.002802315744292     0.147322850032378     0.188253412968351
    -0.026275378417160     0.188253412968351     0.297456748527011
5 5
     5.966371846380515     0.000000000000000     0.000000000000000
     0.000000000000000     5.966371846380515     0.000000000000000
     0.000000000000000     0.000000000000000     7.231732845680980
5 6
    -0.212987459192530     0.002802315744292    -0.026275378417160
    -0.002802315744292     0.147322850032378     0.188253412968351
     0.026275378417160     0.188253412968351     0.297456748527011
5 7
    -0.037010668518877     0.000000000000000     0.000000000000000
    -0.000000000000000    -0.037010668518877    -0.000000000000000
    -0.000000000000000     0.000000000000000     0.035364194999403
5 8
     0.057245272726151     0.158821254148193    -0.149894548294973
     0.153216622659610    -0.122909881886303    -0.116881855551642
    -0.176169926712133    -0.071371557416709     0.297456748527011
5 9
     0.057245272726151    -0.158821254148193     0.149894548294973
    -0.153216622659610    -0.122909881886303    -0.116881855551642
     0.176169926712133    -0.071371557416709     0.297456748527011
5 10
     0.026593621973576    -0.006534788000548     0.014712133995003
    -0.006534788000548     0.034139347863443     0.008494055222786
     0.014712133995003     0.008494055222786    -0.064076345457796
5 11
    -0.482810660015328     0.000000000000000     0.000000000000000
     0.000000000000000    -3.164446160170317     2.644203474258171
     0.000000000000000     2.644203474258171    -2.803418557547301
5 12
     0.026593621973576     0.006534788000548    -0.014712133995003
     0.006534788000548     0.034139347863443     0.008494055222786
    -0.014712133995003     0.008494055222786    -0.064076345457796
5 13
    -0.153155090125504    -0.000000000000000     0.000000000000000
    -0.000000000000000    -0.057225515761265    -0.074892621181839
     0.000000000000000    -0.074892621181839    -0.161572334293935
5 14
    -2.494037285131570     1.161182234527354     2.289947379558647
     1.161182234527354    -1.153219535054075    -1.322101737129086
     2.289947379558647    -1.322101737129086    -2.803418557547301
5 15
    -2.494037285131570    -1.161182234527354    -2.289947379558647
    -1.161182234527354    -1.153219535054075    -1.322101737129086
    -2.289947379558647    -1.322101737129086    -2.803418557547301
5 16
    -0.081207910597721    -0.041538724758250    -0.064858912560113
    -0.041538724758250    -0.129172700270633     0.037446308100127
    -0.064858912560113     0.037446308100127    -0.161572334293935
5 17
    -0.081207910597721     0.041538724758250     0.064858912560113
     0.041538724758250    -0.129172700270633     0.037446308100127
     0.064858912560113     0.037446308100127    -0.161572334293935
5 18
     0.037912210808376     0.000000000000000    -0.000000000000000
     0.000000000000000     0.022820759028642    -0.016988110445571
    -0.000000000000000    -0.016988110445571    -0.064076345457796
6 1
    -0.037010668518877    -0.000000000000000    -0.000000000000000
     0.000000000000000    -0.037010668518877     0.000000000000000
     0.000000000000000    -0.000000000000000     0.035364194999403
6 2
     0.057245272726151    -0.153216622659610     0.176169926712133
    -0.158821254148193    -0.122909881886303    -0.071371557416709
     0.149894548294973    -0.116881855551642     0.297456748527011
6 3
     0.057245272726151     0.153216622659610    -0.176169926712133
     0.158821254148193    -0.122909881886303    -0.071371557416709
    -0.149894548294973    -0.116881855551642     0.297456748527011
6 4
    -0.212987459192530     0.002802315744292    -0.026275378417160
    -0.002802315744292     0.147322850032378     0.188253412968351
     0.026275378417160     0.188253412968351     0.297456748527011
6 5
    -0.212987459192530    -0.002802315744292     0.026275378417160
     0.002802315744292     0.147322850032378     0.188253412968351
    -0.026275378417160     0.188253412968351     0.297456748527011
6 6
     5.966371846380515     0.000000000000000     0.000000000000000
     0.000000000000000     5.966371846380515     0.000000000000000
     0.000000000000000     0.000000000000000     7.231732845680980
6 7
     0.057245272726151    -0.158821254148193     0.149894548294973
    -0.153216622659610    -0.122909881886303    -0.116881855551642
     0.176169926712133    -0.071371557416709     0.297456748527011
6 8
    -0.037010668518877     0.000000000000000     0.000000000000000
    -0.000000000000000    -0.037010668518877    -0.000000000000000
    -0.000000000000000     0.000000000000000     0.035364194999403
6 9
     0.057245272726151     0.158821254148193    -0.149894548294973
     0.153216622659610    -0.122909881886303    -0.116881855551642
    -0.176169926712133    -0.071371557416709     0.297456748527011
6 10
     0.026593621973576     0.006534788000548    -0.014712133995003
     0.006534788000548     0.034139347863443     0.008494055222786
    -0.014712133995003     0.008494055222786    -0.064076345457796
6 11
     0.026593621973576    -0.006534788000548     0.014712133995003
    -0.006534788000548     0.034139347863443     0.008494055222786
     0.014712133995003     0.008494055222786    -0.064076345457796
6 12
    -0.482810660015328     0.000000000000000     0.000000000000000
     0.000000000000000    -3.164446160170317     2.644203474258171
     0.000000000000000     2.644203474258171    -2.803418557547301
6 13
    -2.494037285131570    -1.161182234527354    -2.289947379558647
    -1.161182234527354    -1.153219535054075    -1.322101737129086
    -2.289947379558647    -1.322101737129086    -2.803418557547301
6 14
    -0.153155090125504    -0.000000000000000     0.000000000000000
    -0.000000000000000    -0.057225515761265    -0.074892621181839
     0.000000000000000    -0.074892621181839    -0.161572334293935
6 15
    -2.494037285131570     1.161182234527354     2.289947379558647
     1.161182234527354    -1.153219535054075    -1.322101737129086
     2.289947379558647    -1.322101737129086    -2.803418557547301
6 16
     0.037912210808376     0.000000000000000    -0.000000000000000
     0.000000000000000     0.022820759028642    -0.016988110445571
    -0.000000000000000    -0.016988110445571    -0.064076345457796
6 17
    -0.081207910597721    -0.041538724758250    -0.064858912560113
    -0.041538724758250    -0.129172700270633     0.037446308100127
    -0.064858912560113     0.037446308100127    -0.161572334293935
6 18
    -0.081207910597721     0.041538724758250     0.064858912560113
     0.041538724758250    -0.129172700270633     0.037446308100127
     0.064858912560113     0.037446308100127    -0.161572334293935
7 1
     0.057245272726151     0.158821254148193    -0.149894548294973
     0.153216622659610    -0.122909881886303    -0.116881855551642
    -0.176169926712133    -0.071371557416709     0.297456748527011
7 2
     0.057245272726151    -0.158821254148193     0.149894548294973
    -0.153216622659610    -0.122909881886303    -0.116881855551642
     0.176169926712133    -0.071371557416709     0.297456748527011
7 3
    -0.037010668518877     0.000000000000000     0.000000000000000
    -0.000000000000000    -0.037010668518877    -0.000000000000000
    -0.000000000000000     0.000000000000000     0.035364194999403
7 4
     0.057245272726151     0.153216622659610    -0.176169926712133
     0.158821254148193    -0.122909881886303    -0.071371557416709
    -0.149894548294973    -0.116881855551642     0.297456748527011
7 5
    -0.037010668518877    -0.000000000000000    -0.000000000000000
     0.000000000000000    -0.037010668518877     0.000000000000000
     0.000000000000000    -0.000000000000000     0.035364194999403
7 6
     0.057245272726151    -0.153216622659610     0.176169926712133
    -0.158821254148193    -0.122909881886303    -0.071371557416709
     0.149894548294973    -0.116881855551642     0.297456748527011
7 7
     5.966371846380515     0.000000000000000     0.000000000000000
     0.000000000000000     5.966371846380515     0.000000000000000
     0.000000000000000     0.000000000000000     7.231732845680980
7 8
    -0.212987459192530     0.002802315744292    -0.026275378417160
    -0.002802315744292     0.147322850032378     0.188253412968351
     0.026275378417160     0.188253412968351     0.297456748527011
7 9
    -0.212987459192530    -0.002802315744292     0.026275378417160
     0.002802315744292     0.147322850032378     0.188253412968351
    -0.026275378417160     0.188253412968351     0.297456748527011
7 10
    -0.081207910597721     0.041538724758250     0.064858912560113
     0.041538724758250    -0.129172700270633     0.037446308100127
     0.064858912560113     0.037446308100127    -0.161572334293935
7 11
     0.037912210808376     0.000000000000000    -0.000000000000000
     0.000000000000000     0.022820759028642    -0.016988110445571
    -0.000000000000000    -0.016988110445571    -0.064076345457796
7 12
    -0.081207910597721    -0.041538724758250    -0.064858912560113
    -0.041538724758250    -0.129172700270633     0.037446308100127
    -0.064858912560113     0.037446308100127    -0.161572334293935
7 13
    -0.482810660015328     0.000000000000000     0.000000000000000
     0.000000000000000    -3.164446160170317     2.644203474258171
     0.000000000000000     2.644203474258171    -2.803418557547301
7 14
     0.026593621973576     0.006534788000548    -0.014712133995003
     0.006534788000548     0.034139347863443     0.008494055222786
    -0.014712133995003     0.008494055222786    -0.064076345457796
7 15
     0.026593621973576    -0.006534788000548     0.014712133995003
    -0.006534788000548     0.034139347863443     0.008494055222786
     0.014712133995003     0.008494055222786    -0.064076345457796
7 16
    -2.494037285131570     1.161182234527354     2.289947379558647
     1.161182234527354    -1.153219535054075    -1.322101737129086
     2.289947379558647    -1.322101737129086    -2.803418557547301
7 17
    -2.494037285131570    -1.161182234527354    -2.289947379558647
    -1.161182234527354    -1.153219535054075    -1.322101737129086
    -2.289947379558647    -1.322101737129086    -2.803418557547301
7 18
    -0.153155090125504    -0.000000000000000     0.000000000000000
    -0.000000000000000    -0.057225515761265    -0.074892621181839
     0.000000000000000    -0.074892621181839    -0.161572334293935
8 1
    -0.037010668518877     0.000000000000000     0.000000000000000
    -0.000000000000000    -0.037010668518877    -0.000000000000000
    -0.000000000000000     0.000000000000000     0.035364194999403
8 2
     0.057245272726151     0.158821254148193    -0.149894548294973
     0.153216622659610    -0.122909881886303    -0.116881855551642
    -0.176169926712133    -0.071371557416709     0.297456748527011
8 3
     0.057245272726151    -0.158821254148193     0.149894548294973
    -0.153216622659610    -0.122909881886303    -0.116881855551642
     0.176169926712133    -0.071371557416709     0.297456748527011
8 4
     0.057245272726151    -0.153216622659610     0.176169926712133
    -0.158821254148193    -0.122909881886303    -0.071371557416709
     0.149894548294973    -0.116881855551642     0.297456748527011
8 5
     0.057245272726151     0.153216622659610    -0.176169926712133
     0.158821254148193    -0.122909881886303    -0.071371557416709
    -0.149894548294973    -0.116881855551642     0.297456748527011
8 6
    -0.037010668518877    -0.000000000000000    -0.000000000000000
     0.000000000000000    -0.037010668518877     0.000000000000000
     0.000000000000000    -0.000000000000000     0.035364194999403
8 7
    -0.212987459192530    -0.002802315744292     0.026275378417160
     0.002802315744292     0.147322850032378     0.188253412968351
    -0.026275378417160     0.188253412968351     0.297456748527011
8 8
     5.966371846380515     0.000000000000000     0.000000000000000
     0.000000000000000     5.966371846380515     0.000000000000000
     0.000000000000000     0.000000000000000     7.231732845680980
8 9
    -0.212987459192530     0.002802315744292    -0.026275378417160
    -0.002802315744292     0.147322850032378     0.188253412968351
     0.026275378417160     0.188253412968351     0.297456748527011
8 10
    -0.081207910597721    -0.041538724758250    -0.064858912560113
    -0.041538724758250    -0.129172700270633     0.037446308100127
    -0.064858912560113     0.037446308100127    -0.161572334293935
8 11
    -0.081207910597721     0.041538724758250     0.064858912560113
     0.041538724758250    -0.129172700270633     0.037446308100127
     0.064858912560113     0.037446308100127    -0.161572334293935
8 12
     0.037912210808376     0.000000000000000    -0.000000000000000
     0.000000000000000     0.022820759028642    -0.016988110445571
    -0.000000000000000    -0.016988110445571    -0.064076345457796
8 13
     0.026593621973576    -0.006534788000548     0.014712133995003
    -0.006534788000548     0.034139347863443     0.008494055222786
     0.014712133995003     0.008494055222786    -0.064076345457796
8 14
    -0.482810660015328     0.000000000000000     0.000000000000000
     0.000000000000000    -3.164446160170317     2.644203474258171
     0.000000000000000     2.644203474258171    -2.803418557547301
8 15
     0.026593621973576     0.006534788000548    -0.014712133995003
     0.006534788000548     0.034139347863443     0.008494055222786
    -0.014712133995003     0.008494055222786    -0.064076345457796
8 16
    -0.153155090125504    -0.000000000000000     0.000000000000000
    -0.000000000000000    -0.057225515761265    -0.074892621181839
     0.000000000000000    -0.074892621181839    -0.161572334293935
8 17
    -2.494037285131570     1.161182234527354     2.289947379558647
     1.161182234527354    -1.153219535054075    -1.322101737129086
     2.289947379558647    -1.322101737129086    -2.803418557547301
8 18
    -2.494037285131570    -1.161182234527354    -2.289947379558647
    -1.161182234527354    -1.153219535054075    -1.322101737129086
    -2.289947379558647    -1.322101737129086    -2.803418557547301
9 1
     0.057245272726151    -0.158821254148193     0.149894548294973
    -0.153216622659610    -0.122909881886303    -0.116881855551642
     0.176169926712133    -0.071371557416709     0.297456748527011
9 2
    -0.037010668518877     0.000000000000000     0.000000000000000
    -0.000000000000000    -0.037010668518877    -0.000000000000000
    -0.000000000000000     0.000000000000000     0.035364194999403
9 3
     0.057245272726151     0.158821254148193    -0.149894548294973
     0.153216622659610    -0.122909881886303    -0.116881855551642
    -0.176169926712133    -0.071371557416709     0.297456748527011
9 4
    -0.037010668518877    -0.000000000000000    -0.000000000000000
     0.000000000000000    -0.037010668518877     0.000000000000000
     0.000000000000000    -0.000000000000000     0.035364194999403
9 5
     0.057245272726151    -0.153216622659610     0.176169926712133
    -0.158821254148193    -0.122909881886303    -0.071371557416709
     0.149894548294973    -0.116881855551642     0.297456748527011
9 6
     0.057245272726151     0.153216622659610    -0.176169926712133
     0.158821254148193    -0.122909881886303    -0.071371557416709
    -0.149894548294973    -0.116881855551642     0.297456748527011
9 7
    -0.212987459192530     0.002802315744292    -0.026275378417160
    -0.002802315744292     0.147322850032378     0.188253412968351
     0.026275378417160     0.188253412968351     0.297456748527011
9 8
    -0.212987459192530    -0.002802315744292     0.026275378417160
     0.002802315744292     0.147322850032378     0.188253412968351
    -0.026275378417160     0.188253412968351     0.297456748527011
9 9
     5.966371846380515     0.000000000000000     0.000000000000000
     0.000000000000000     5.966371846380515     0.000000000000000
     0.000000000000000     0.000000000000000     7.231732845680980
9 10
     0.037912210808376     0.000000000000000    -0.000000000000000
     0.000000000000000     0.022820759028642    -0.016988110445571
    -0.000000000000000    -0.016988110445571    -0.064076345457796
9 11
    -0.081207910597721    -0.041538724758250    -0.064858912560113
    -0.041538724758250    -0.129172700270633     0.037446308100127
    -0.064858912560113     0.037446308100127    -0.161572334293935
9 12
    -0.081207910597721     0.041538724758250     0.064858912560113
     0.041538724758250    -0.129172700270633     0.037446308100127
     0.064858912560113     0.037446308100127    -0.161572334293935
9 13
     0.026593621973576     0.006534788000548    -0.014712133995003
     0.006534788000548     0.034139347863443     0.008494055222786
    -0.014712133995003     0.008494055222786    -0.064076345457796
9 14
     0.026593621973576    -0.006534788000548     0.014712133995003
    -0.006534788000548     0.034139347863443     0.008494055222786
     0.014712133995003     0.008494055222786    -0.064076345457796
9 15
    -0.482810660015328     0.000000000000000     0.000000000000000
     0.000000000000000    -3.164446160170317     2.644203474258171
     0.000000000000000     2.644203474258171    -2.803418557547301
9 16
    -2.494037285131570    -1.161182234527354    -2.289947379558647
    -1.161182234527354    -1.153219535054075    -1.322101737129086
    -2.289947379558647    -1.322101737129086    -2.803418557547301
9 17
    -0.153155090125504    -0.000000000000000     0.000000000000000
    -0.000000000000000    -0.057225515761265    -0.074892621181839
     0.000000000000000    -0.074892621181839    -0.161572334293935
9 18
    -2.494037285131570     1.161182234527354     2.289947379558647
     1.161182234527354    -1.153219535054075    -1.322101737129086
     2.289947379558647    -1.322101737129086    -2.803418557547301
10 1
    -2.494037285131570     1.161182234527354     2.289947379558647
     1.161182234527354    -1.153219535054075    -1.322101737129086
     2.289947379558647    -1.322101737129086    -2.803418557547301
10 2
    -0.153155090125504    -0.000000000000000     0.000000000000000
    -0.000000000000000    -0.057225515761265    -0.074892621181839
     0.000000000000000    -0.074892621181839    -0.161572334293935
10 3
    -2.494037285131570    -1.161182234527354    -2.289947379558647
    -1.161182234527354    -1.153219535054075    -1.322101737129086
    -2.289947379558647    -1.322101737129086    -2.803418557547301
10 4
    -0.482810660015328     0.000000000000000     0.000000000000000
     0.000000000000000    -3.164446160170317     2.644203474258171
     0.000000000000000     2.644203474258171    -2.803418557547301
10 5
     0.026593621973576    -0.006534788000548     0.014712133995003
    -0.006534788000548     0.034139347863443     0.008494055222786
     0.014712133995003     0.008494055222786    -0.064076345457796
10 6
     0.026593621973576     0.006534788000548    -0.014712133995003
     0.006534788000548     0.034139347863443     0.008494055222786
    -0.014712133995003     0.008494055222786    -0.064076345457796
10 7
    -0.081207910597721     0.041538724758250     0.064858912560113
     0.041538724758250    -0.129172700270633     0.037446308100127
     0.064858912560113     0.037446308100127    -0.161572334293935
10 8
    -0.081207910597721    -0.041538724758250    -0.064858912560113
    -0.041538724758250    -0.129172700270633     0.037446308100127
    -0.064858912560113     0.037446308100127    -0.161572334293935
10 9
     0.037912210808376     0.000000000000000    -0.000000000000000
     0.000000000000000     0.022820759028642    -0.016988110445571
    -0.000000000000000    -0.016988110445571    -0.064076345457796
10 10
     5.966371846380515     0.000000000000000     0.000000000000000
     0.000000000000000     5.966371846380515     0.000000000000000
     0.000000000000000     0.000000000000000     7.231732845680980
10 11
    -0.212987459192530    -0.002802315744292     0.026275378417160
     0.002802315744292     0.147322850032378     0.188253412968351
    -0.026275378417160     0.188253412968351     0.297456748527011
10 12
    -0.212987459192530     0.002802315744292    -0.026275378417160
    -0.002802315744292     0.147322850032378     0.188253412968351
     0.026275378417160     0.188253412968351     0.297456748527011
10 13
     0.057245272726151     0.153216622659610    -0.176169926712133
     0.158821254148193    -0.122909881886303    -0.071371557416709
    -0.149894548294973    -0.116881855551642     0.297456748527011
10 14
     0.057245272726151    -0.153216622659610     0.176169926712133
    -0.158821254148193    -0.122909881886303    -0.071371557416709
     0.149894548294973    -0.116881855551642     0.297456748527011
10 15
    -0.037010668518877    -0.000000000000000    -0.000000000000000
     0.000000000000000    -0.037010668518877     0.000000000000000
     0.000000000000000    -0.000000000000000     0.035364194999403
10 16
     0.057245272726151     0.158821254148193    -0.149894548294973
     0.153216622659610    -0.122909881886303    -0.116881855551642
    -0.176169926712133    -0.071371557416709     0.297456748527011
10 17
    -0.037010668518877     0.000000000000000     0.000000000000000
    -0.000000000000000    -0.037010668518877    -0.000000000000000
    -0.000000000000000     0.000000000000000     0.035364194999403
10 18
     0.057245272726151    -0.158821254148193     0.149894548294973
    -0.153216622659610    -0.122909881886303    -0.116881855551642
     0.176169926712133    -0.071371557416709     0.297456748527011
11 1
    -2.494037285131570    -1.161182234527354    -2.289947379558647
    -1.161182234527354    -1.153219535054075    -1.322101737129086
    -2.289947379558647    -1.322101737129086    -2.803418557547301
11 2
    -2.494037285131570     1.161182234527354     2.289947379558647
     1.161182234527354    -1.153219535054075    -1.322101737129086
     2.289947379558647    -1.322101737129086    -2.803418557547301
11 3
    -0.153155090125504    -0.000000000000000     0.000000000000000
    -0.000000000000000    -0.057225515761265    -0.074892621181839
     0.000000000000000    -0.074892621181839    -0.161572334293935
11 4
     0.026593621973576     0.006534788000548    -0.014712133995003
     0.006534788000548     0.034139347863443     0.008494055222786
    -0.014712133995003     0.008494055222786    -0.064076345457796
11 5
    -0.482810660015328     0.000000000000000     0.000000000000000
     0.000000000000000    -3.164446160170317     2.644203474258171
     0.000000000000000     2.644203474258171    -2.803418557547301
11 6
     0.026593621973576    -0.006534788000548     0.014712133995003
    -0.006534788000548     0.034139347863443     0.008494055222786
     0.014712133995003     0.008494055222786    -0.064076345457796
11 7
     0.037912210808376     0.000000000000000    -0.000000000000000
     0.000000000000000     0.022820759028642    -0.016988110445571
    -0.000000000000000    -0.016988110445571    -0.064076345457796
11 8
    -0.081207910597721     0.041538724758250     0.064858912560113
     0.041538724758250    -0.129172700270633     0.037446308100127
     0.064858912560113     0.037446308100127    -0.161572334293935
11 9
    -0.081207910597721    -0.041538724758250    -0.064858912560113
    -0.041538724758250    -0.129172700270633     0.037446308100127
    -0.064858912560113     0.037446308100127    -0.161572334293935
11 10
    -0.212987459192530     0.002802315744292    -0.026275378417160
    -0.002802315744292     0.147322850032378     0.188253412968351
     0.026275378417160     0.188253412968351     0.297456748527011
11 11
     5.966371846380515     0.000000000000000     0.000000000000000
     0.000000000000000     5.966371846380515     0.000000000000000
     0.000000000000000     0.000000000000000     7.231732845680980
11 12
    -0.212987459192530    -0.002802315744292     0.026275378417160
     0.002802315744292     0.147322850032378     0.188253412968351
    -0.026275378417160     0.188253412968351     0.297456748527011
11 13
    -0.037010668518877    -0.000000000000000    -0.000000000000000
     0.000000000000000    -0.037010668518877     0.000000000000000
     0.000000000000000    -0.000000000000000     0.035364194999403
11 14
     0.057245272726151     0.153216622659610    -0.176169926712133
     0.158821254148193    -0.122909881886303    -0.071371557416709
    -0.149894548294973    -0.116881855551642     0.297456748527011
11 15
     0.057245272726151    -0.153216622659610     0.176169926712133
    -0.158821254148193    -0.122909881886303    -0.071371557416709
     0.149894548294973    -0.116881855551642     0.297456748527011
11 16
     0.057245272726151    -0.158821254148193     0.149894548294973
    -0.153216622659610    -0.122909881886303    -0.116881855551642
     0.176169926712133    -0.071371557416709     0.297456748527011
11 17
     0.057245272726151     0.158821254148193    -0.149894548294973
     0.153216622659610    -0.122909881886303    -0.116881855551642
    -0.176169926712133    -0.071371557416709     0.297456748527011
11 18
    -0.037010668518877     0.000000000000000     0.000000000000000
    -0.000000000000000    -0.037010668518877    -0.000000000000000
    -0.000000000000000     0.000000000000000     0.035364194999403
12 1
    -0.153155090125504    -0.000000000000000     0.000000000000000
    -0.000000000000000    -0.057225515761265    -0.074892621181839
     0.000000000000000    -0.074892621181839    -0.161572334293935
12 2
    -2.494037285131570    -1.161182234527354    -2.289947379558647
    -1.161182234527354    -1.153219535054075    -1.322101737129086
    -2.289947379558647    -1.322101737129086    -2.803418557547301
12 3
    -2.494037285131570     1.161182234527354     2.289947379558647
     1.161182234527354    -1.153219535054075    -1.322101737129086
     2.289947379558647    -1.322101737129086    -2.803418557547301
12 4
     0.026593621973576    -0.006534788000548     0.014712133995003
    -0.006534788000548     0.034139347863443     0.008494055222786
     0.014712133995003     0.008494055222786    -0.064076345457796
12 5
     0.026593621973576     0.006534788000548    -0.014712133995003
     0.006534788000548     0.034139347863443     0.008494055222786
    -0.014712133995003     0.008494055222786    -0.064076345457796
12 6
    -0.482810660015328     0.000000000000000     0.000000000000000
     0.000000000000000    -3.164446160170317     2.644203474258171
     0.000000000000000     2.644203474258171    -2.803418557547301
12 7
    -0.081207910597721    -0.041538724758250    -0.064858912560113
    -0.041538724758250    -0.129172700270633     0.037446308100127
    -0.064858912560113     0.037446308100127    -0.161572334293935
12 8
     0.037912210808376     0.000000000000000    -0.000000000000000
     0.000000000000000     0.022820759028642    -0.016988110445571
    -0.000000000000000    -0.016988110445571    -0.064076345457796
12 9
    -0.081207910597721     0.041538724758250     0.064858912560113
     0.041538724758250    -0.129172700270633     0.037446308100127
     0.064858912560113     0.037446308100127    -0.161572334293935
12 10
    -0.212987459192530    -0.002802315744292     0.026275378417160
     0.002802315744292     0.147322850032378     0.188253412968351
    -0.026275378417160     0.188253412968351     0.297456748527011
12 11
    -0.212987459192530     0.002802315744292    -0.026275378417160
    -0.002802315744292     0.147322850032378     0.188253412968351
     0.026275378417160     0.188253412968351     0.297456748527011
12 12
     5.966371846380515     0.000000000000000     0.000000000000000
     0.000000000000000     5.966371846380515     0.000000000000000
     0.000000000000000     0.000000000000000     7.231732845680980
12 13
     0.057245272726151    -0.153216622659610     0.176169926712133
    -0.158821254148193    -0.122909881886303    -0.071371557416709
     0.149894548294973    -0.116881855551642     0.297456748527011
12 14
    -0.037010668518877    -0.000000000000000    -0.000000000000000
     0.000000000000000    -0.037010668518877     0.000000000000000
     0.000000000000000    -0.000000000000000     0.035364194999403
12 15
     0.057245272726151     0.153216622659610    -0.176169926712133
     0.158821254148193    -0.122909881886303    -0.071371557416709
    -0.149894548294973    -0.116881855551642     0.297456748527011
12 16
    -0.037010668518877     0.000000000000000     0.000000000000000
    -0.000000000000000    -0.037010668518877    -0.000000000000000
    -0.000000000000000     0.000000000000000     0.035364194999403
12 17
     0.057245272726151    -0.158821254148193     0.149894548294973
    -0.153216622659610    -0.122909881886303    -0.116881855551642
     0.176169926712133    -0.071371557416709     0.297456748527011
12 18
     0.057245272726151     0.158821254148193    -0.149894548294973
     0.153216622659610    -0.122909881886303    -0.116881855551642
    -0.176169926712133    -0.071371557416709     0.297456748527011
13 1
    -0.081207910597721     0.041538724758250     0.064858912560113
     0.041538724758250    -0.129172700270633     0.037446308100127
     0.064858912560113     0.037446308100127    -0.161572334293935
13 2
    -0.081207910597721    -0.041538724758250    -0.064858912560113
    -0.041538724758250    -0.129172700270633     0.037446308100127
    -0.064858912560113     0.037446308100127    -0.161572334293935
13 3
     0.037912210808376     0.000000000000000    -0.000000000000000
     0.000000000000000     0.022820759028642    -0.016988110445571
    -0.000000000000000    -0.016988110445571    -0.064076345457796
13 4
    -2.494037285131570     1.161182234527354     2.289947379558647
     1.161182234527354    -1.153219535054075    -1.322101737129086
     2.289947379558647    -1.322101737129086    -2.803418557547301
13 5
    -0.153155090125504    -0.000000000000000     0.000000000000000
    -0.000000000000000    -0.057225515761265    -0.074892621181839
     0.000000000000000    -0.074892621181839    -0.161572334293935
13 6
    -2.494037285131570    -1.161182234527354    -2.289947379558647
    -1.161182234527354    -1.153219535054075    -1.322101737129086
    -2.289947379558647    -1.322101737129086    -2.803418557547301
13 7
    -0.482810660015328     0.000000000000000     0.000000000000000
     0.000000000000000    -3.164446160170317     2.644203474258171
     0.000000000000000     2.644203474258171    -2.803418557547301
13 8
     0.026593621973576    -0.006534788000548     0.014712133995003
    -0.006534788000548     0.034139347863443     0.008494055222786
     0.014712133995003     0.008494055222786    -0.064076345457796
13 9
     0.026593621973576     0.006534788000548    -0.014712133995003
     0.006534788000548     0.034139347863443     0.008494055222786
    -0.014712133995003     0.008494055222786    -0.064076345457796
13 10
     0.057245272726151     0.158821254148193    -0.149894548294973
     0.153216622659610    -0.122909881886303    -0.116881855551642
    -0.176169926712133    -0.071371557416709     0.297456748527011
13 11
    -0.037010668518877     0.000000000000000     0.000000000000000
    -0.000000000000000    -0.037010668518877    -0.000000000000000
    -0.000000000000000     0.000000000000000     0.035364194999403
13 12
     0.057245272726151    -0.158821254148193     0.149894548294973
    -0.153216622659610    -0.122909881886303    -0.116881855551642
     0.176169926712133    -0.071371557416709     0.297456748527011
13 13
     5.966371846380515     0.000000000000000     0.000000000000000
     0.000000000000000     5.966371846380515     0.000000000000000
     0.000000000000000     0.000000000000000     7.231732845680980
13 14
    -0.212987459192530    -0.002802315744292     0.026275378417160
     0.002802315744292     0.147322850032378     0.188253412968351
    -0.026275378417160     0.188253412968351     0.297456748527011
13 15
    -0.212987459192530     0.002802315744292    -0.026275378417160
    -0.002802315744292     0.147322850032378     0.188253412968351
     0.026275378417160     0.188253412968351     0.297456748527011
13 16
     0.057245272726151     0.153216622659610    -0.176169926712133
     0.158821254148193    -0.122909881886303    -0.071371557416709
    -0.149894548294973    -0.116881855551642     0.297456748527011
13 17
     0.057245272726151    -0.153216622659610     0.176169926712133
    -0.158821254148193    -0.122909881886303    -0.071371557416709
     0.149894548294973    -0.116881855551642     0.297456748527011
13 18
    -0.037010668518877    -0.000000000000000    -0.000000000000000
     0.000000000000000    -0.037010668518877     0.000000000000000
     0.000000000000000    -0.000000000000000     0.035364194999403
14 1
     0.037912210808376     0.000000000000000    -0.000000000000000
     0.000000000000000     0.022820759028642    -0.016988110445571
    -0.000000000000000    -0.016988110445571    -0.064076345457796
14 2
    -0.081207910597721     0.041538724758250     0.064858912560113
     0.041538724758250    -0.129172700270633     0.037446308100127
     0.064858912560113     0.037446308100127    -0.161572334293935
14 3
    -0.081207910597721    -0.041538724758250    -0.064858912560113
    -0.041538724758250    -0.129172700270633     0.037446308100127
    -0.064858912560113     0.037446308100127    -0.161572334293935
14 4
    -2.494037285131570    -1.161182234527354    -2.289947379558647
    -1.161182234527354    -1.153219535054075    -1.322101737129086
    -2.289947379558647    -1.322101737129086    -2.803418557547301
14 5
    -2.494037285131570     1.161182234527354     2.289947379558647
     1.161182234527354    -1.153219535054075    -1.322101737129086
     2.289947379558647    -1.322101737129086    -2.803418557547301
14 6
    -0.153155090125504    -0.000000000000000     0.000000000000000
    -0.000000000000000    -0.057225515761265    -0.074892621181839
     0.000000000000000    -0.074892621181839    -0.161572334293935
14 7
     0.026593621973576     0.006534788000548    -0.014712133995003
     0.006534788000548     0.034139347863443     0.008494055222786
    -0.014712133995003     0.008494055222786    -0.064076345457796
14 8
    -0.482810660015328     0.000000000000000     0.000000000000000
     0.000000000000000    -3.164446160170317     2.644203474258171
     0.000000000000000     2.644203474258171    -2.803418557547301
14 9
     0.026593621973576    -0.006534788000548     0.014712133995003
    -0.006534788000548     0.034139347863443     0.008494055222786
     0.014712133995003     0.008494055222786    -0.064076345457796
14 10
     0.057245272726151    -0.158821254148193     0.149894548294973
    -0.153216622659610    -0.122909881886303    -0.116881855551642
     0.176169926712133    -0.071371557416709     0.297456748527011
14 11
     0.057245272726151     0.158821254148193    -0.149894548294973
     0.153216622659610    -0.122909881886303    -0.116881855551642
    -0.176169926712133    -0.071371557416709     0.297456748527011
14 12
    -0.037010668518877     0.000000000000000     0.000000000000000
    -0.000000000000000    -0.037010668518877    -0.000000000000000
    -0.000000000000000     0.000000000000000     0.035364194999403
14 13
    -0.212987459192530     0.002802315744292    -0.026275378417160
    -0.002802315744292     0.147322850032378     0.188253412968351
     0.026275378417160     0.188253412968351     0.297456748527011
14 14
     5.966371846380515     0.000000000000000     0.000000000000000
     0.000000000000000     5.966371846380515     0.000000000000000
     0.000000000000000     0.000000000000000     7.231732845680980
14 15
    -0.212987459192530    -0.002802315744292     0.026275378417160
     0.002802315744292     0.147322850032378     0.188253412968351
    -0.026275378417160     0.188253412968351     0.297456748527011
14 16
    -0.037010668518877    -0.000000000000000    -0.000000000000000
     0.000000000000000    -0.037010668518877     0.000000000000000
     0.000000000000000    -0.000000000000000     0.035364194999403
14 17
     0.057245272726151     0.153216622659610    -0.176169926712133
     0.158821254148193    -0.122909881886303    -0.071371557416709
    -0.149894548294973    -0.116881855551642     0.297456748527011
14 18
     0.057245272726151    -0.153216622659610     0.176169926712133
    -0.158821254148193    -0.122909881886303    -0.071371557416709
     0.149894548294973    -0.116881855551642     0.297456748527011
15 1
    -0.081207910597721    -0.041538724758250    -0.064858912560113
    -0.041538724758250    -0.129172700270633     0.037446308100127
    -0.064858912560113     0.037446308100127    -0.161572334293935
15 2
     0.037912210808376     0.000000000000000    -0.000000000000000
     0.000000000000000     0.022820759028642    -0.016988110445571
    -0.000000000000000    -0.016988110445571    -0.064076345457796
15 3
    -0.081207910597721     0.041538724758250     0.064858912560113
     0.041538724758250    -0.129172700270633     0.037446308100127
     0.064858912560113     0.037446308100127    -0.161572334293935
15 4
    -0.153155090125504    -0.000000000000000     0.000000000000000
    -0.000000000000000    -0.057225515761265    -0.074892621181839
     0.000000000000000    -0.074892621181839    -0.161572334293935
15 5
    -2.494037285131570    -1.161182234527354    -2.289947379558647
    -1.161182234527354    -1.153219535054075    -1.322101737129086
    -2.289947379558647    -1.322101737129086    -2.803418557547301
15 6
    -2.494037285131570     1.161182234527354     2.289947379558647
     1.161182234527354    -1.153219535054075    -1.322101737129086
     2.289947379558647    -1.322101737129086    -2.803418557547301
15 7
     0.026593621973576    -0.006534788000548     0.014712133995003
    -0.006534788000548     0.034139347863443     0.008494055222786
     0.014712133995003     0.008494055222786    -0.064076345457796
15 8
     0.026593621973576     0.006534788000548    -0.014712133995003
     0.006534788000548     0.034139347863443     0.008494055222786
    -0.014712133995003     0.008494055222786    -0.064076345457796
15 9
    -0.482810660015328     0.000000000000000     0.000000000000000
     0.000000000000000    -3.164446160170317     2.644203474258171
     0.000000000000000     2.644203474258171    -2.803418557547301
15 10
    -0.037010668518877     0.000000000000000     0.000000000000000
    -0.000000000000000    -0.037010668518877    -0.000000000000000
    -0.000000000000000     0.000000000000000     0.035364194999403
15 11
     0.057245272726151    -0.158821254148193     0.149894548294973
    -0.153216622659610    -0.122909881886303    -0.116881855551642
     0.176169926712133    -0.071371557416709     0.297456748527011
15 12
     0.057245272726151     0.158821254148193    -0.149894548294973
     0.153216622659610    -0.122909881886303    -0.116881855551642
    -0.176169926712133    -0.071371557416709     0.297456748527011
15 13
    -0.212987459192530    -0.002802315744292     0.026275378417160
     0.002802315744292     0.147322850032378     0.188253412968351
    -0.026275378417160     0.188253412968351     0.297456748527011
15 14
    -0.212987459192530     0.002802315744292    -0.026275378417160
    -0.002802315744292     0.147322850032378     0.188253412968351
     0.026275378417160     0.188253412968351     0.297456748527011
15 15
     5.966371846380515     0.000000000000000     0.000000000000000
     0.000000000000000     5.966371846380515     0.000000000000000
     0.000000000000000     0.000000000000000     7.231732845680980
15 16
     0.057245272726151    -0.153216622659610     0.176169926712133
    -0.158821254148193    -0.122909881886303    -0.071371557416709
     0.149894548294973    -0.116881855551642     0.297456748527011
15 17
    -0.037010668518877    -0.000000000000000    -0.000000000000000
     0.000000000000000    -0.037010668518877     0.000000000000000
     0.000000000000000    -0.000000000000000     0.035364194999403
15 18
     0.057245272726151     0.153216622659610    -0.176169926712133
     0.158821254148193    -0.122909881886303    -0.071371557416709
    -0.149894548294973    -0.116881855551642     0.297456748527011
16 1
    -0.482810660015328     0.000000000000000     0.000000000000000
     0.000000000000000    -3.164446160170317     2.644203474258171
     0.000000000000000     2.644203474258171    -2.803418557547301
16 2
     0.026593621973576    -0.006534788000548     0.014712133995003
    -0.006534788000548     0.034139347863443     0.008494055222786
     0.014712133995003     0.008494055222786    -0.064076345457796
16 3
     0.026593621973576     0.006534788000548    -0.014712133995003
     0.006534788000548     0.034139347863443     0.008494055222786
    -0.014712133995003     0.008494055222786    -0.064076345457796
16 4
    -0.081207910597721     0.041538724758250     0.064858912560113
     0.041538724758250    -0.129172700270633     0.037446308100127
     0.064858912560113     0.037446308100127    -0.161572334293935
16 5
    -0.081207910597721    -0.041538724758250    -0.064858912560113
    -0.041538724758250    -0.129172700270633     0.037446308100127
    -0.064858912560113     0.037446308100127    -0.161572334293935
16 6
     0.037912210808376     0.000000000000000    -0.000000000000000
     0.000000000000000     0.022820759028642    -0.016988110445571
    -0.000000000000000    -0.016988110445571    -0.064076345457796
16 7
    -2.494037285131570     1.161182234527354     2.289947379558647
     1.161182234527354    -1.153219535054075    -1.322101737129086
     2.289947379558647    -1.322101737129086    -2.803418557547301
16 8
    -0.153155090125504    -0.000000000000000     0.000000000000000
    -0.000000000000000    -0.057225515761265    -0.074892621181839
     0.000000000000000    -0.074892621181839    -0.161572334293935
16 9
    -2.494037285131570    -1.161182234527354    -2.289947379558647
    -1.161182234527354    -1.153219535054075    -1.322101737129086
    -2.289947379558647    -1.322101737129086    -2.803418557547301
16 10
     0.057245272726151     0.153216622659610    -0.176169926712133
     0.158821254148193    -0.122909881886303    -0.071371557416709
    -0.149894548294973    -0.116881855551642     0.297456748527011
16 11
     0.057245272726151    -0.153216622659610     0.176169926712133
    -0.158821254148193    -0.122909881886303    -0.071371557416709
     0.149894548294973    -0.116881855551642     0.297456748527011
16 12
    -0.037010668518877    -0.000000000000000    -0.000000000000000
     0.000000000000000    -0.037010668518877     0.000000000000000
     0.000000000000000    -0.000000000000000     0.035364194999403
16 13
     0.057245272726151     0.158821254148193    -0.149894548294973
     0.153216622659610    -0.122909881886303    -0.116881855551642
    -0.176169926712133    -0.071371557416709     0.297456748527011
16 14
    -0.037010668518877     0.000000000000000     0.000000000000000
    -0.000000000000000    -0.037010668518877    -0.000000000000000
    -0.000000000000000     0.000000000000000     0.035364194999403
16 15
     0.057245272726151    -0.158821254148193     0.149894548294973
    -0.153216622659610    -0.122909881886303    -0.116881855551642
     0.176169926712133    -0.071371557416709     0.297456748527011
16 16
     5.966371846380515     0.000000000000000     0.000000000000000
     0.000000000000000     5.966371846380515     0.000000000000000
     0.000000000000000     0.000000000000000     7.231732845680980
16 17
    -0.212987459192530    -0.002802315744292     0.026275378417160
     0.002802315744292     0.147322850032378     0.188253412968351
    -0.026275378417160     0.188253412968351     0.297456748527011
16 18
    -0.212987459192530     0.002802315744292    -0.026275378417160
    -0.002802315744292     0.147322850032378     0.188253412968351
     0.026275378417160     0.188253412968351     0.297456748527011
17 1
     0.026593621973576     0.006534788000548    -0.014712133995003
     0.006534788000548     0.034139347863443     0.008494055222786
    -0.014712133995003     0.008494055222786    -0.064076345457796
17 2
    -0.482810660015328     0.000000000000000     0.000000000000000
     0.000000000000000    -3.164446160170317     2.644203474258171
     0.000000000000000     2.644203474258171    -2.803418557547301
17 3
     0.026593621973576    -0.006534788000548     0.014712133995003
    -0.006534788000548     0.034139347863443     0.008494055222786
     0.014712133995003     0.008494055222786    -0.064076345457796
17 4
     0.037912210808376     0.000000000000000    -0.000000000000000
     0.000000000000000     0.022820759028642    -0.016988110445571
    -0.000000000000000    -0.016988110445571    -0.064076345457796
17 5
    -0.081207910597721     0.041538724758250     0.064858912560113
     0.041538724758250    -0.129172700270633     0.037446308100127
     0.064858912560113     0.037446308100127    -0.161572334293935
17 6
    -0.081207910597721    -0.041538724758250    -0.064858912560113
    -0.041538724758250    -0.129172700270633     0.037446308100127
    -0.064858912560113     0.037446308100127    -0.161572334293935
17 7
    -2.494037285131570    -1.161182234527354    -2.289947379558647
    -1.161182234527354    -1.153219535054075    -1.322101737129086
    -2.289947379558647    -1.322101737129086    -2.803418557547301
17 8
    -2.494037285131570     1.161182234527354     2.289947379558647
     1.161182234527354    -1.153219535054075    -1.322101737129086
     2.289947379558647    -1.322101737129086    -2.803418557547301
17 9
    -0.153155090125504    -0.000000000000000     0.000000000000000
    -0.000000000000000    -0.057225515761265    -0.074892621181839
     0.000000000000000    -0.074892621181839    -0.161572334293935
17 10
    -0.037010668518877    -0.000000000000000    -0.000000000000000
     0.000000000000000    -0.037010668518877     0.000000000000000
     0.000000000000000    -0.000000000000000     0.035364194999403
17 11
     0.057245272726151     0.153216622659610    -0.176169926712133
     0.158821254148193    -0.122909881886303    -0.071371557416709
    -0.149894548294973    -0.116881855551642     0.297456748527011
17 12
     0.057245272726151    -0.153216622659610     0.176169926712133
    -0.158821254148193    -0.122909881886303    -0.071371557416709
     0.149894548294973    -0.116881855551642     0.297456748527011
17 13
     0.057245272726151    -0.158821254148193     0.149894548294973
    -0.153216622659610    -0.122909881886303    -0.116881855551642
     0.176169926712133    -0.071371557416709     0.297456748527011
17 14
     0.057245272726151     0.158821254148193    -0.149894548294973
     0.153216622659610    -0.122909881886303    -0.116881855551642
    -0.176169926712133    -0.071371557416709     0.297456748527011
17 15
    -0.037010668518877     0.000000000000000     0.000000000000000
    -0.000000000000000    -0.037010668518877    -0.000000000000000
    -0.000000000000000     0.000000000000000     0.035364194999403
17 16
    -0.212987459192530     0.002802315744292    -0.026275378417160
    -0.002802315744292     0.147322850032378     0.188253412968351
     0.026275378417160     0.188253412968351     0.297456748527011
17 17
     5.966371846380515     0.000000000000000     0.000000000000000
     0.000000000000000     5.966371846380515     0.000000000000000
     0.000000000000000     0.000000000000000     7.231732845680980
17 18
    -0.212987459192530    -0.002802315744292     0.026275378417160
     0.002802315744292     0.147322850032378     0.188253412968351
    -0.026275378417160     0.188253412968351     0.297456748527011
18 1
     0.026593621973576    -0.006534788000548     0.014712133995003
    -0.006534788000548     0.034139347863443     0.008494055222786
     0.014712133995003     0.008494055222786    -0.064076345457796
18 2
     0.026593621973576     0.006534788000548    -0.014712133995003
     0.006534788000548     0.034139347863443     0.008494055222786
    -0.014712133995003     0.008494055222786    -0.064076345457796
18 3
    -0.482810660015328     0.000000000000000     0.000000000000000
     0.000000000000000    -3.164446160170317     2.644203474258171
     0.000000000000000     2.644203474258171    -2.803418557547301
18 4
    -0.081207910597721    -0.041538724758250    -0.064858912560113
    -0.041538724758250    -0.129172700270633     0.037446308100127
    -0.064858912560113     0.037446308100127    -0.161572334293935
18 5
     0.037912210808376     0.000000000000000    -0.000000000000000
     0.000000000000000     0.022820759028642    -0.016988110445571
    -0.000000000000000    -0.016988110445571    -0.064076345457796
18 6
    -0.081207910597721     0.041538724758250     0.064858912560113
     0.041538724758250    -0.129172700270633     0.037446308100127
     0.064858912560113     0.037446308100127    -0.161572334293935
18 7
    -0.153155090125504    -0.000000000000000     0.000000000000000
    -0.000000000000000    -0.057225515761265    -0.074892621181839
     0.000000000000000    -0.074892621181839    -0.161572334293935
18 8
    -2.494037285131570    -1.161182234527354    -2.289947379558647
    -1.161182234527354    -1.153219535054075    -1.322101737129086
    -2.289947379558647    -1.322101737129086    -2.803418557547301
18 9
    -2.494037285131570     1.161182234527354     2.289947379558647
     1.161182234527354    -1.153219535054075    -1.322101737129086
     2.289947379558647    -1.322101737129086    -2.803418557547301
18 10
     0.057245272726151    -0.153216622659610     0.176169926712133
    -0.158821254148193    -0.122909881886303    -0.071371557416709
     0.149894548294973    -0.116881855551642     0.297456748527011
18 11
    -0.037010668518877    -0.000000000000000    -0.000000000000000
     0.000000000000000    -0.037010668518877     0.000000000000000
     0.000000000000000    -0.000000000000000     0.035364194999403
18 12
     0.057245272726151     0.153216622659610    -0.176169926712133
     0.158821254148193    -0.122909881886303    -0.071371557416709
    -0.149894548294973    -0.116881855551642     0.297456748527011
18 13
    -0.037010668518877     0.000000000000000     0.000000000000000
    -0.000000000000000    -0.037010668518877    -0.000000000000000
    -0.000000000000000     0.000000000000000     0.035364194999403
18 14
     0.057245272726151    -0.158821254148193     0.149894548294973
    -0.153216622659610    -0.122909881886303    -0.116881855551642
     0.176169926712133    -0.071371557416709     0.297456748527011
18 15
     0.057245272726151     0.158821254148193    -0.149894548294973
     0.153216622659610    -0.122909881886303    -0.116881855551642
    -0.176169926712133    -0.071371557416709     0.297456748527011
18 16
    -0.212987459192530    -0.002802315744292     0.026275378417160
     0.002802315744292     0.147322850032378     0.188253412968351
    -0.026275378417160     0.188253412968351     0.297456748527011
18 17
    -0.212987459192530     0.002802315744292    -0.026275378417160
    -0.002802315744292     0.147322850032378     0.188253412968351
     0.026275378417160     0.188253412968351     0.297456748527011
18 18
     5.966371846380515     0.000000000000000     0.000000000000000
     0.000000000000000     5.966371846380515     0.000000000000000
     0.000000000000000     0.000000000000000     7.231732845680980