 kp yz xz xy
         0.0000         0.0000         0.0000         0.0140
         0.0017         0.0000         0.0000        -0.0346
         0.0034         0.0000         0.0000        -0.0823
         0.0050         0.0000         0.0000        -0.1285
         0.0067         0.0000         0.0000        -0.1727
         0.0084         0.0000         0.0000        -0.2145
         0.0101         0.0000         0.0000        -0.2535
         0.0117         0.0000         0.0000        -0.2895
         0.0134         0.0000         0.0000        -0.3222
         0.0151         0.0000         0.0000        -0.3517
         0.0168         0.0000         0.0000        -0.3778
         0.0184         0.0000         0.0000        -0.4007
         0.0201         0.0000         0.0000        -0.4205
         0.0218         0.0000         0.0000        -0.4374
         0.0235         0.0000         0.0000        -0.4515
         0.0251         0.0000         0.0000        -0.4631
         0.0268         0.0000         0.0000        -0.4724
         0.0285         0.0000         0.0000        -0.4793
         0.0302         0.0000         0.0000        -0.4840
         0.0318         0.0000         0.0000        -0.4865
         0.0335         0.0000         0.0000        -0.4865
         0.0352         0.0000         0.0000        -0.4841
         0.0369         0.0000         0.0000        -0.4788
         0.0385         0.0000         0.0000        -0.4704
         0.0402         0.0000         0.0000        -0.4588
         0.0419         0.0000         0.0000        -0.4436
         0.0436         0.0000         0.0000        -0.4247
         0.0452         0.0000         0.0000        -0.4020
         0.0469         0.0000         0.0000        -0.3754
         0.0486         0.0000         0.0000        -0.3451
         0.0503         0.0000         0.0000        -0.3114
         0.0519         0.0000         0.0000        -0.2745
         0.0536         0.0000         0.0000        -0.2351
         0.0553         0.0000         0.0000        -0.1937
         0.0570         0.0000         0.0000        -0.1510
         0.0586         0.0000         0.0000        -0.1078
         0.0603         0.0000         0.0000        -0.0650
         0.0620         0.0000         0.0000        -0.0234
         0.0637         0.0000         0.0000         0.0162
         0.0653         0.0000         0.0000         0.0531
         0.0670         0.0000         0.0000         0.0866
         0.0687         0.0000         0.0000         0.1162
         0.0704         0.0000         0.0000         0.1415
         0.0720         0.0000         0.0000         0.1621
         0.0737         0.0000         0.0000         0.1780
         0.0754         0.0000         0.0000         0.1893
         0.0771         0.0000         0.0000         0.1962
         0.0787         0.0000         0.0000         0.1989
         0.0804         0.0000         0.0000         0.1979
         0.0821         0.0000         0.0000         0.1938
         0.0838         0.0000         0.0000         0.1871
         0.0854         0.0000         0.0000         0.1785
         0.0871         0.0000         0.0000         0.1686
         0.0888         0.0000         0.0000         0.1581
         0.0905         0.0000         0.0000         0.1475
         0.0921         0.0000         0.0000         0.1375
         0.0938         0.0000         0.0000         0.1286
         0.0955         0.0000         0.0000         0.1213
         0.0972         0.0000         0.0000         0.1160
         0.0988         0.0000         0.0000         0.1130
         0.1005         0.0000         0.0000         0.1127
         0.1022         0.0000         0.0000         0.1152
         0.1039         0.0000         0.0000         0.1209
         0.1055         0.0000         0.0000         0.1298
         0.1072         0.0000         0.0000         0.1420
         0.1089         0.0000         0.0000         0.1576
         0.1106         0.0000         0.0000         0.1765
         0.1122         0.0000         0.0000         0.1987
         0.1139         0.0000         0.0000         0.2241
         0.1156         0.0000         0.0000         0.2526
         0.1173         0.0000         0.0000         0.2838
         0.1189         0.0000         0.0000         0.3176
         0.1206         0.0000         0.0000         0.3535
         0.1223         0.0000         0.0000         0.3911
         0.1240         0.0000         0.0000         0.4300
         0.1256         0.0000         0.0000         0.4695
         0.1273         0.0000         0.0000         0.5091
         0.1290         0.0000         0.0000         0.5482
         0.1307         0.0000         0.0000         0.5860
         0.1323         0.0000         0.0000         0.6219
         0.1340         0.0000         0.0000         0.6553
         0.1357         0.0000         0.0000         0.6855
         0.1374         0.0000         0.0000         0.7120
         0.1390         0.0000         0.0000         0.7343
         0.1407         0.0000         0.0000         0.7521
         0.1424         0.0000         0.0000         0.7652
         0.1441         0.0000         0.0000         0.7735
         0.1457         0.0000         0.0000         0.7770
         0.1474         0.0000         0.0000         0.7761
         0.1491         0.0000         0.0000         0.7710
         0.1508         0.0000         0.0000         0.7621
         0.1524         0.0000         0.0000         0.7502
         0.1541         0.0000         0.0000         0.7359
         0.1558         0.0000         0.0000         0.7198
         0.1575         0.0000         0.0000         0.7029
         0.1591         0.0000         0.0000         0.6860
         0.1608         0.0000         0.0000         0.6697
         0.1625         0.0000         0.0000         0.6550
         0.1642         0.0000         0.0000         0.6426
         0.1658         0.0000         0.0000         0.6330
         0.1675         0.0000         0.0000         0.6270
         0.1692         0.0000         0.0000         0.6250
         0.1709         0.0000         0.0000         0.6272
         0.1725         0.0000         0.0000         0.6340
         0.1742         0.0000         0.0000         0.6454
         0.1759         0.0000         0.0000         0.6613
         0.1776         0.0000         0.0000         0.6814
         0.1792         0.0000         0.0000         0.7054
         0.1809         0.0000         0.0000         0.7327
         0.1826         0.0000         0.0000         0.7627
         0.1843         0.0000         0.0000         0.7947
         0.1859         0.0000         0.0000         0.8277
         0.1876         0.0000         0.0000         0.8610
         0.1893         0.0000         0.0000         0.8936
         0.1910         0.0000         0.0000         0.9248
         0.1926         0.0000         0.0000         0.9537
         0.1943         0.0000         0.0000         0.9796
         0.1960         0.0000         0.0000         1.0021
         0.1977         0.0000         0.0000         1.0206
         0.1993         0.0000         0.0000         1.0350
         0.2010         0.0000         0.0000         1.0452
         0.2027         0.0000         0.0000         1.0513
         0.2044         0.0000         0.0000         1.0536
         0.2060         0.0000         0.0000         1.0525
         0.2077         0.0000         0.0000         1.0485
         0.2094         0.0000         0.0000         1.0423
         0.2111         0.0000         0.0000         1.0346
         0.2127         0.0000         0.0000         1.0259
         0.2144         0.0000         0.0000         1.0170
         0.2161         0.0000         0.0000         1.0085
         0.2178         0.0000         0.0000         1.0009
         0.2194         0.0000         0.0000         0.9947
         0.2211         0.0000         0.0000         0.9900
         0.2228         0.0000         0.0000         0.9871
         0.2245         0.0000         0.0000         0.9860
         0.2261         0.0000         0.0000         0.9866
         0.2278         0.0000         0.0000         0.9887
         0.2295         0.0000         0.0000         0.9920
         0.2312         0.0000         0.0000         0.9961
         0.2328         0.0000         0.0000         1.0007
         0.2345         0.0000         0.0000         1.0054
         0.2362         0.0000         0.0000         1.0096
         0.2379         0.0000         0.0000         1.0131
         0.2395         0.0000         0.0000         1.0155
         0.2412         0.0000         0.0000         1.0164
         0.2429         0.0000         0.0000         1.0156
         0.2446         0.0000         0.0000         1.0129
         0.2462         0.0000         0.0000         1.0081
         0.2479         0.0000         0.0000         1.0011
         0.2496         0.0000         0.0000         0.9919
         0.2513         0.0000         0.0000         0.9803
         0.2529         0.0000         0.0000         0.9664
         0.2546         0.0000         0.0000         0.9501
         0.2563         0.0000         0.0000         0.9315
         0.2580         0.0000         0.0000         0.9107
         0.2596         0.0000         0.0000         0.8877
         0.2613         0.0000         0.0000         0.8626
         0.2630         0.0000         0.0000         0.8357
         0.2647         0.0000         0.0000         0.8072
         0.2663         0.0000         0.0000         0.7774
         0.2680         0.0000         0.0000         0.7466
         0.2697         0.0000         0.0000         0.7154
         0.2714         0.0000         0.0000         0.6841
         0.2730         0.0000         0.0000         0.6533
         0.2747         0.0000         0.0000         0.6236
         0.2764         0.0000         0.0000         0.5957
         0.2781         0.0000         0.0000         0.5701
         0.2797         0.0000         0.0000         0.5473
         0.2814         0.0000         0.0000         0.5281
         0.2831         0.0000         0.0000         0.5128
         0.2848         0.0000         0.0000         0.5019
         0.2864         0.0000         0.0000         0.4957
         0.2881         0.0000         0.0000         0.4942
         0.2898         0.0000         0.0000         0.4977
         0.2915         0.0000         0.0000         0.5060
         0.2931         0.0000         0.0000         0.5189
         0.2948         0.0000         0.0000         0.5361
         0.2965         0.0000         0.0000         0.5570
         0.2982         0.0000         0.0000         0.5812
         0.2998         0.0000         0.0000         0.6080
         0.3015         0.0000         0.0000         0.6367
         0.3032         0.0000         0.0000         0.6666
         0.3049         0.0000         0.0000         0.6969
         0.3065         0.0000         0.0000         0.7269
         0.3082         0.0000         0.0000         0.7560
         0.3099         0.0000         0.0000         0.7834
         0.3116         0.0000         0.0000         0.8087
         0.3132         0.0000         0.0000         0.8313
         0.3149         0.0000         0.0000         0.8509
         0.3166         0.0000         0.0000         0.8673
         0.3183         0.0000         0.0000         0.8802
         0.3199         0.0000         0.0000         0.8895
         0.3216         0.0000         0.0000         0.8954
         0.3233         0.0000         0.0000         0.8978
         0.3250         0.0000         0.0000         0.8970
         0.3266         0.0000         0.0000         0.8932
         0.3283         0.0000         0.0000         0.8867
         0.3300         0.0000         0.0000         0.8778
         0.3317         0.0000         0.0000         0.8668
         0.3333         0.0000         0.0000         0.8541
         0.3333         0.0000         0.0000         0.8541
         0.3350         0.0000         0.0000         0.8620
         0.3367         0.0000         0.0000         0.8719
         0.3384         0.0000         0.0000         0.8839
         0.3400         0.0000         0.0000         0.8979
         0.3417         0.0000         0.0000         0.9138
         0.3434         0.0000         0.0000         0.9314
         0.3451         0.0000         0.0000         0.9504
         0.3467         0.0000         0.0000         0.9705
         0.3484         0.0000         0.0000         0.9913
         0.3501         0.0000         0.0000         1.0123
         0.3518         0.0000         0.0000         1.0328
         0.3534         0.0000         0.0000         1.0524
         0.3551         0.0000         0.0000         1.0704
         0.3568         0.0000         0.0000         1.0861
         0.3585         0.0000         0.0000         1.0990
         0.3601         0.0000         0.0000         1.1085
         0.3618         0.0000         0.0000         1.1143
         0.3635         0.0000         0.0000         1.1160
         0.3652         0.0000         0.0000         1.1133
         0.3668         0.0000         0.0000         1.1064
         0.3685         0.0000         0.0000         1.0952
         0.3702         0.0000         0.0000         1.0802
         0.3719         0.0000         0.0000         1.0616
         0.3735         0.0000         0.0000         1.0400
         0.3752         0.0000         0.0000         1.0160
         0.3769         0.0000         0.0000         0.9903
         0.3786         0.0000         0.0000         0.9637
         0.3802         0.0000         0.0000         0.9367
         0.3819         0.0000         0.0000         0.9101
         0.3836         0.0000         0.0000         0.8844
         0.3853         0.0000         0.0000         0.8601
         0.3869         0.0000         0.0000         0.8376
         0.3886         0.0000         0.0000         0.8172
         0.3903         0.0000         0.0000         0.7991
         0.3920         0.0000         0.0000         0.7833
         0.3936         0.0000         0.0000         0.7700
         0.3953         0.0000         0.0000         0.7589
         0.3970         0.0000         0.0000         0.7500
         0.3987         0.0000         0.0000         0.7432
         0.4003         0.0000         0.0000         0.7382
         0.4020         0.0000         0.0000         0.7348
         0.4037         0.0000         0.0000         0.7331
         0.4054         0.0000         0.0000         0.7326
         0.4070         0.0000         0.0000         0.7334
         0.4087         0.0000         0.0000         0.7353
         0.4104         0.0000         0.0000         0.7382
         0.4121         0.0000         0.0000         0.7419
         0.4137         0.0000         0.0000         0.7464
         0.4154         0.0000         0.0000         0.7515
         0.4171         0.0000         0.0000         0.7570
         0.4188         0.0000         0.0000         0.7628
         0.4204         0.0000         0.0000         0.7686
         0.4221         0.0000         0.0000         0.7741
         0.4238         0.0000         0.0000         0.7791
         0.4255         0.0000         0.0000         0.7831
         0.4271         0.0000         0.0000         0.7857
         0.4288         0.0000         0.0000         0.7865
         0.4305         0.0000         0.0000         0.7851
         0.4322         0.0000         0.0000         0.7811
         0.4338         0.0000         0.0000         0.7740
         0.4355         0.0000         0.0000         0.7635
         0.4372         0.0000         0.0000         0.7493
         0.4389         0.0000         0.0000         0.7313
         0.4405         0.0000         0.0000         0.7095
         0.4422         0.0000         0.0000         0.6840
         0.4439         0.0000         0.0000         0.6550
         0.4456         0.0000         0.0000         0.6229
         0.4472         0.0000         0.0000         0.5882
         0.4489         0.0000         0.0000         0.5516
         0.4506         0.0000         0.0000         0.5138
         0.4523         0.0000         0.0000         0.4755
         0.4539         0.0000         0.0000         0.4377
         0.4556         0.0000         0.0000         0.4011
         0.4573         0.0000         0.0000         0.3665
         0.4590         0.0000         0.0000         0.3347
         0.4606         0.0000         0.0000         0.3064
         0.4623         0.0000         0.0000         0.2819
         0.4640         0.0000         0.0000         0.2616
         0.4657         0.0000         0.0000         0.2457
         0.4673         0.0000         0.0000         0.2342
         0.4690         0.0000         0.0000         0.2268
         0.4707         0.0000         0.0000         0.2230
         0.4724         0.0000         0.0000         0.2223
         0.4740         0.0000         0.0000         0.2238
         0.4757         0.0000         0.0000         0.2266
         0.4774         0.0000         0.0000         0.2297
         0.4791         0.0000         0.0000         0.2320
         0.4807         0.0000         0.0000         0.2323
         0.4824         0.0000         0.0000         0.2295
         0.4841         0.0000         0.0000         0.2226
         0.4858         0.0000         0.0000         0.2108
         0.4874         0.0000         0.0000         0.1934
         0.4891         0.0000         0.0000         0.1701
         0.4908         0.0000         0.0000         0.1406
         0.4925         0.0000         0.0000         0.1053
         0.4941         0.0000         0.0000         0.0646
         0.4958         0.0000         0.0000         0.0193
         0.4975         0.0000         0.0000        -0.0295
         0.4992         0.0000         0.0000        -0.0805
         0.5008         0.0000         0.0000        -0.1324
         0.5025         0.0000         0.0000        -0.1836
         0.5042         0.0000         0.0000        -0.2328
         0.5059         0.0000         0.0000        -0.2787
         0.5075         0.0000         0.0000        -0.3201
         0.5092         0.0000         0.0000        -0.3562
         0.5109         0.0000         0.0000        -0.3863
         0.5126         0.0000         0.0000        -0.4103
         0.5142         0.0000         0.0000        -0.4280
         0.5159         0.0000         0.0000        -0.4400
         0.5176         0.0000         0.0000        -0.4468
         0.5193         0.0000         0.0000        -0.4493
         0.5209         0.0000         0.0000        -0.4484
         0.5226         0.0000         0.0000        -0.4454
         0.5243         0.0000         0.0000        -0.4414
         0.5260         0.0000         0.0000        -0.4376
         0.5276         0.0000         0.0000        -0.4352
         0.5293         0.0000         0.0000        -0.4350
         0.5310         0.0000         0.0000        -0.4380
         0.5327         0.0000         0.0000        -0.4449
         0.5343         0.0000         0.0000        -0.4561
         0.5360         0.0000         0.0000        -0.4718
         0.5377         0.0000         0.0000        -0.4921
         0.5394         0.0000         0.0000        -0.5168
         0.5410         0.0000         0.0000        -0.5455
         0.5427         0.0000         0.0000        -0.5776
         0.5444         0.0000         0.0000        -0.6124
         0.5461         0.0000         0.0000        -0.6490
         0.5477         0.0000         0.0000        -0.6865
         0.5494         0.0000         0.0000        -0.7240
         0.5511         0.0000         0.0000        -0.7605
         0.5528         0.0000         0.0000        -0.7952
         0.5544         0.0000         0.0000        -0.8271
         0.5561         0.0000         0.0000        -0.8557
         0.5578         0.0000         0.0000        -0.8803
         0.5595         0.0000         0.0000        -0.9007
         0.5611         0.0000         0.0000        -0.9164
         0.5628         0.0000         0.0000        -0.9277
         0.5645         0.0000         0.0000        -0.9344
         0.5662         0.0000         0.0000        -0.9370
         0.5678         0.0000         0.0000        -0.9358
         0.5695         0.0000         0.0000        -0.9313
         0.5712         0.0000         0.0000        -0.9240
         0.5729         0.0000         0.0000        -0.9145
         0.5745         0.0000         0.0000        -0.9033
         0.5762         0.0000         0.0000        -0.8911
         0.5779         0.0000         0.0000        -0.8782
         0.5796         0.0000         0.0000        -0.8653
         0.5812         0.0000         0.0000        -0.8525
         0.5829         0.0000         0.0000        -0.8403
         0.5846         0.0000         0.0000        -0.8289
         0.5863         0.0000         0.0000        -0.8184
         0.5879         0.0000         0.0000        -0.8090
         0.5896         0.0000         0.0000        -0.8009
         0.5913         0.0000         0.0000        -0.7940
         0.5930         0.0000         0.0000        -0.7884
         0.5946         0.0000         0.0000        -0.7843
         0.5963         0.0000         0.0000        -0.7816
         0.5980         0.0000         0.0000        -0.7804
         0.5997         0.0000         0.0000        -0.7809
         0.6013         0.0000         0.0000        -0.7831
         0.6030         0.0000         0.0000        -0.7873
         0.6047         0.0000         0.0000        -0.7936
         0.6064         0.0000         0.0000        -0.8021
         0.6080         0.0000         0.0000        -0.8129
         0.6097         0.0000         0.0000        -0.8261
         0.6114         0.0000         0.0000        -0.8418
         0.6131         0.0000         0.0000        -0.8599
         0.6147         0.0000         0.0000        -0.8802
         0.6164         0.0000         0.0000        -0.9026
         0.6181         0.0000         0.0000        -0.9267
         0.6198         0.0000         0.0000        -0.9519
         0.6214         0.0000         0.0000        -0.9779
         0.6231         0.0000         0.0000        -1.0039
         0.6248         0.0000         0.0000        -1.0294
         0.6265         0.0000         0.0000        -1.0535
         0.6281         0.0000         0.0000        -1.0757
         0.6298         0.0000         0.0000        -1.0953
         0.6315         0.0000         0.0000        -1.1118
         0.6332         0.0000         0.0000        -1.1246
         0.6348         0.0000         0.0000        -1.1336
         0.6365         0.0000         0.0000        -1.1383
         0.6382         0.0000         0.0000        -1.1390
         0.6399         0.0000         0.0000        -1.1355
         0.6415         0.0000         0.0000        -1.1282
         0.6432         0.0000         0.0000        -1.1174
         0.6449         0.0000         0.0000        -1.1035
         0.6466         0.0000         0.0000        -1.0871
         0.6482         0.0000         0.0000        -1.0686
         0.6499         0.0000         0.0000        -1.0487
         0.6516         0.0000         0.0000        -1.0278
         0.6533         0.0000         0.0000        -1.0065
         0.6549         0.0000         0.0000        -0.9852
         0.6566         0.0000         0.0000        -0.9645
         0.6583         0.0000         0.0000        -0.9445
         0.6600         0.0000         0.0000        -0.9257
         0.6616         0.0000         0.0000        -0.9083
         0.6633         0.0000         0.0000        -0.8924
         0.6650         0.0000         0.0000        -0.8783
         0.6667         0.0000         0.0000        -0.8660
         0.6667         0.0000         0.0000        -0.8660
         0.6683         0.0000         0.0000        -0.8603
         0.6700         0.0000         0.0000        -0.8541
         0.6717         0.0000         0.0000        -0.8475
         0.6734         0.0000         0.0000        -0.8406
         0.6750         0.0000         0.0000        -0.8335
         0.6767         0.0000         0.0000        -0.8262
         0.6784         0.0000         0.0000        -0.8185
         0.6801         0.0000         0.0000        -0.8103
         0.6817         0.0000         0.0000        -0.8012
         0.6834         0.0000         0.0000        -0.7909
         0.6851         0.0000         0.0000        -0.7793
         0.6868         0.0000         0.0000        -0.7660
         0.6884         0.0000         0.0000        -0.7510
         0.6901         0.0000         0.0000        -0.7340
         0.6918         0.0000         0.0000        -0.7153
         0.6935         0.0000         0.0000        -0.6950
         0.6951         0.0000         0.0000        -0.6734
         0.6968         0.0000         0.0000        -0.6509
         0.6985         0.0000         0.0000        -0.6280
         0.7002         0.0000         0.0000        -0.6053
         0.7018         0.0000         0.0000        -0.5834
         0.7035         0.0000         0.0000        -0.5631
         0.7052         0.0000         0.0000        -0.5449
         0.7069         0.0000         0.0000        -0.5294
         0.7085         0.0000         0.0000        -0.5170
         0.7102         0.0000         0.0000        -0.5081
         0.7119         0.0000         0.0000        -0.5027
         0.7136         0.0000         0.0000        -0.5009
         0.7152         0.0000         0.0000        -0.5025
         0.7169         0.0000         0.0000        -0.5072
         0.7186         0.0000         0.0000        -0.5145
         0.7203         0.0000         0.0000        -0.5238
         0.7219         0.0000         0.0000        -0.5346
         0.7236         0.0000         0.0000        -0.5461
         0.7253         0.0000         0.0000        -0.5577
         0.7270         0.0000         0.0000        -0.5688
         0.7286         0.0000         0.0000        -0.5790
         0.7303         0.0000         0.0000        -0.5878
         0.7320         0.0000         0.0000        -0.5951
         0.7337         0.0000         0.0000        -0.6008
         0.7353         0.0000         0.0000        -0.6051
         0.7370         0.0000         0.0000        -0.6082
         0.7387         0.0000         0.0000        -0.6106
         0.7404         0.0000         0.0000        -0.6126
         0.7420         0.0000         0.0000        -0.6148
         0.7437         0.0000         0.0000        -0.6175
         0.7454         0.0000         0.0000        -0.6211
         0.7471         0.0000         0.0000        -0.6258
         0.7487         0.0000         0.0000        -0.6315
         0.7504         0.0000         0.0000        -0.6381
         0.7521         0.0000         0.0000        -0.6451
         0.7538         0.0000         0.0000        -0.6518
         0.7554         0.0000         0.0000        -0.6573
         0.7571         0.0000         0.0000        -0.6604
         0.7588         0.0000         0.0000        -0.6600
         0.7605         0.0000         0.0000        -0.6546
         0.7621         0.0000         0.0000        -0.6428
         0.7638         0.0000         0.0000        -0.6232
         0.7655         0.0000         0.0000        -0.5946
         0.7672         0.0000         0.0000        -0.5557
         0.7688         0.0000         0.0000        -0.5058
         0.7705         0.0000         0.0000        -0.4440
         0.7722         0.0000         0.0000        -0.3701
         0.7739         0.0000         0.0000        -0.2841
         0.7755         0.0000         0.0000        -0.1865
         0.7772         0.0000         0.0000        -0.0780
         0.7789         0.0000         0.0000         0.0402
         0.7806         0.0000         0.0000         0.1664
         0.7822         0.0000         0.0000         0.2988
         0.7839         0.0000         0.0000         0.4353
         0.7856         0.0000         0.0000         0.5733
         0.7873         0.0000         0.0000         0.7103
         0.7889         0.0000         0.0000         0.8437
         0.7906         0.0000         0.0000         0.9709
         0.7923         0.0000         0.0000         1.0895
         0.7940         0.0000         0.0000         1.1974
         0.7956         0.0000         0.0000         1.2928
         0.7973         0.0000         0.0000         1.3745
         0.7990         0.0000         0.0000         1.4416
         0.8007         0.0000         0.0000         1.4940
         0.8023         0.0000         0.0000         1.5321
         0.8040         0.0000         0.0000         1.5567
         0.8057         0.0000         0.0000         1.5693
         0.8074         0.0000         0.0000         1.5714
         0.8090         0.0000         0.0000         1.5651
         0.8107         0.0000         0.0000         1.5524
         0.8124         0.0000         0.0000         1.5353
         0.8141         0.0000         0.0000         1.5157
         0.8157         0.0000         0.0000         1.4953
         0.8174         0.0000         0.0000         1.4753
         0.8191         0.0000         0.0000         1.4566
         0.8208         0.0000         0.0000         1.4398
         0.8224         0.0000         0.0000         1.4248
         0.8241         0.0000         0.0000         1.4115
         0.8258         0.0000         0.0000         1.3990
         0.8275         0.0000         0.0000         1.3866
         0.8291         0.0000         0.0000         1.3732
         0.8308         0.0000         0.0000         1.3577
         0.8325         0.0000         0.0000         1.3391
         0.8342         0.0000         0.0000         1.3165
         0.8358         0.0000         0.0000         1.2892
         0.8375         0.0000         0.0000         1.2568
         0.8392         0.0000         0.0000         1.2192
         0.8409         0.0000         0.0000         1.1764
         0.8425         0.0000         0.0000         1.1291
         0.8442         0.0000         0.0000         1.0779
         0.8459         0.0000         0.0000         1.0237
         0.8476         0.0000         0.0000         0.9678
         0.8492         0.0000         0.0000         0.9113
         0.8509         0.0000         0.0000         0.8554
         0.8526         0.0000         0.0000         0.8014
         0.8543         0.0000         0.0000         0.7505
         0.8559         0.0000         0.0000         0.7035
         0.8576         0.0000         0.0000         0.6612
         0.8593         0.0000         0.0000         0.6242
         0.8610         0.0000         0.0000         0.5927
         0.8626         0.0000         0.0000         0.5668
         0.8643         0.0000         0.0000         0.5462
         0.8660         0.0000         0.0000         0.5304
         0.8677         0.0000         0.0000         0.5188
         0.8693         0.0000         0.0000         0.5106
         0.8710         0.0000         0.0000         0.5048
         0.8727         0.0000         0.0000         0.5004
         0.8744         0.0000         0.0000         0.4966
         0.8760         0.0000         0.0000         0.4923
         0.8777         0.0000         0.0000         0.4867
         0.8794         0.0000         0.0000         0.4794
         0.8811         0.0000         0.0000         0.4697
         0.8827         0.0000         0.0000         0.4574
         0.8844         0.0000         0.0000         0.4424
         0.8861         0.0000         0.0000         0.4248
         0.8878         0.0000         0.0000         0.4050
         0.8894         0.0000         0.0000         0.3833
         0.8911         0.0000         0.0000         0.3603
         0.8928         0.0000         0.0000         0.3364
         0.8945         0.0000         0.0000         0.3123
         0.8961         0.0000         0.0000         0.2885
         0.8978         0.0000         0.0000         0.2655
         0.8995         0.0000         0.0000         0.2437
         0.9012         0.0000         0.0000         0.2232
         0.9028         0.0000         0.0000         0.2044
         0.9045         0.0000         0.0000         0.1872
         0.9062         0.0000         0.0000         0.1716
         0.9079         0.0000         0.0000         0.1573
         0.9095         0.0000         0.0000         0.1443
         0.9112         0.0000         0.0000         0.1322
         0.9129         0.0000         0.0000         0.1206
         0.9146         0.0000         0.0000         0.1094
         0.9162         0.0000         0.0000         0.0981
         0.9179         0.0000         0.0000         0.0865
         0.9196         0.0000         0.0000         0.0743
         0.9213         0.0000         0.0000         0.0615
         0.9229         0.0000         0.0000         0.0478
         0.9246         0.0000         0.0000         0.0333
         0.9263         0.0000         0.0000         0.0178
         0.9280         0.0000         0.0000         0.0013
         0.9296         0.0000         0.0000        -0.0161
         0.9313         0.0000         0.0000        -0.0344
         0.9330         0.0000         0.0000        -0.0536
         0.9347         0.0000         0.0000        -0.0738
         0.9363         0.0000         0.0000        -0.0949
         0.9380         0.0000         0.0000        -0.1170
         0.9397         0.0000         0.0000        -0.1403
         0.9414         0.0000         0.0000        -0.1649
         0.9430         0.0000         0.0000        -0.1910
         0.9447         0.0000         0.0000        -0.2188
         0.9464         0.0000         0.0000        -0.2483
         0.9481         0.0000         0.0000        -0.2798
         0.9497         0.0000         0.0000        -0.3133
         0.9514         0.0000         0.0000        -0.3487
         0.9531         0.0000         0.0000        -0.3859
         0.9548         0.0000         0.0000        -0.4248
         0.9564         0.0000         0.0000        -0.4647
         0.9581         0.0000         0.0000        -0.5054
         0.9598         0.0000         0.0000        -0.5460
         0.9615         0.0000         0.0000        -0.5858
         0.9631         0.0000         0.0000        -0.6240
         0.9648         0.0000         0.0000        -0.6596
         0.9665         0.0000         0.0000        -0.6915
         0.9682         0.0000         0.0000        -0.7188
         0.9698         0.0000         0.0000        -0.7406
         0.9715         0.0000         0.0000        -0.7560
         0.9732         0.0000         0.0000        -0.7641
         0.9749         0.0000         0.0000        -0.7645
         0.9765         0.0000         0.0000        -0.7567
         0.9782         0.0000         0.0000        -0.7405
         0.9799         0.0000         0.0000        -0.7159
         0.9816         0.0000         0.0000        -0.6831
         0.9832         0.0000         0.0000        -0.6427
         0.9849         0.0000         0.0000        -0.5951
         0.9866         0.0000         0.0000        -0.5412
         0.9883         0.0000         0.0000        -0.4818
         0.9899         0.0000         0.0000        -0.4179
         0.9916         0.0000         0.0000        -0.3503
         0.9933         0.0000         0.0000        -0.2799
         0.9950         0.0000         0.0000        -0.2075
         0.9966         0.0000         0.0000        -0.1340
         0.9983         0.0000         0.0000        -0.0599
         1.0000         0.0000         0.0000         0.0140
